7.555697528934771090e-02
1.155565371359691673e-01
1.569624579332567771e-01
1.912819997875505329e-01
2.021847405781217188e-01
2.030864998097213214e-01
2.077097512644501265e-01
2.102765840991850099e-01
2.508477690031907237e-01
2.693819632790190322e-01
2.744027450525555745e-01
2.910763995348912281e-01
2.973803824292434173e-01
3.074382220673951283e-01
3.090851662005589251e-01
3.222049790955847093e-01
3.417053272576482947e-01
3.474191333032117246e-01
3.500730642270434290e-01
3.506907830012943594e-01
3.532736546538206013e-01
3.627857399254001969e-01
3.631073129365041119e-01
3.770153285086128014e-01
3.884747362435977958e-01
4.144531570998383763e-01
4.159636599474028640e-01
4.387505493053034389e-01
4.440525690070911691e-01
4.446535145456789184e-01
4.472813601977770892e-01
4.512059354078163942e-01
4.553985530981123908e-01
4.568842429258638815e-01
4.574620444993631185e-01
4.575012417322908420e-01
4.700193748912309677e-01
4.753068943459946571e-01
4.766789967790045490e-01
4.848800547634545266e-01
4.898656056448728036e-01
4.922382223374446863e-01
4.932401431454251917e-01
4.964104395093389965e-01
4.993243151790375811e-01
4.996793576928099112e-01
5.121424056966846772e-01
5.132891912987569416e-01
5.264184691047715248e-01
5.343027363234149618e-01
5.346192948538847078e-01
5.423180644623150082e-01
5.436740975088827366e-01
5.513977170203864242e-01
5.515244133236557600e-01
5.519842837713937467e-01
5.588805940591028421e-01
5.591970379606086006e-01
5.596668231506748414e-01
5.641398089784241954e-01
5.651397158643717278e-01
5.716825441425016363e-01
5.770820160934978515e-01
5.790196511236878063e-01
5.808396419483907724e-01
5.811975788609273774e-01
5.866973972090513412e-01
5.914371219951400915e-01
5.993205789673284878e-01
5.999707398215138321e-01
6.019085916536829339e-01
6.053842352223001155e-01
6.113793931558713091e-01
6.115764420567578741e-01
6.117997929382239519e-01
6.155368468580447727e-01
6.179337154286477229e-01
6.246655829536078564e-01
6.374187565283800927e-01
6.378068503390420529e-01
6.395975946760308339e-01
6.522688643729805946e-01
6.533328663196453778e-01
6.543162986280250948e-01
6.553871659191110588e-01
6.601180577821200712e-01
6.626364644186238939e-01
6.685145097422225957e-01
6.708304651683227871e-01
6.716479427629730159e-01
6.739115086949948319e-01
6.770951087651727596e-01
6.899717633759309132e-01
6.919210755755492714e-01
6.939526392098719354e-01
6.957987872960551545e-01
6.958693602134090606e-01
6.987107084520456368e-01
7.110599825728902701e-01
7.112022509694910788e-01
7.187141233931509943e-01
7.240119588811059215e-01
7.244347756456630538e-01
7.252197982729768899e-01
7.343709576614436685e-01
7.363644102420334736e-01
7.364257252559093248e-01
7.367224761735841065e-01
7.425230793884204372e-01
7.447019758954935842e-01
7.501799790152359204e-01
7.561903517722106116e-01
7.672317008776634584e-01
7.689718528498087347e-01
7.694445612466667139e-01
7.695773980178215457e-01
7.720273984328767103e-01
7.729526559174589861e-01
7.806169674077739762e-01
7.853236583679048533e-01
7.855254856234572536e-01
7.893867040584784389e-01
7.959773076254469393e-01
7.985722040625129470e-01
7.993404275873857712e-01
8.028925127010386742e-01
8.365598520846324604e-01
8.382556715798982205e-01
8.392245186557555359e-01
8.405209009001709530e-01
8.407004163578707390e-01
8.424326350358133375e-01
8.436611294320846000e-01
8.454844731095543242e-01
8.524824225386624654e-01
8.559015729273519169e-01
8.584695248599877315e-01
8.585167303154732643e-01
8.587662696171989296e-01
8.677899337567599458e-01
8.731494882507578881e-01
8.772573005596264739e-01
8.846337893820322984e-01
8.899131943318512317e-01
8.933603406348328280e-01
8.950756226205419663e-01
9.003726713502898660e-01
9.014330177871072713e-01
9.028013467320951113e-01
9.146801785583660305e-01
9.150116686683301692e-01
9.323093804884701186e-01
9.373988510958207732e-01
9.382740727808212000e-01
9.403142768643816263e-01
9.629756196619485564e-01
9.636753365603631938e-01
9.657804801813318907e-01
9.690921630146841492e-01
9.703275182977925128e-01
9.744557973523451100e-01
9.744839425269633537e-01
9.782141452086184907e-01
9.833633920865020306e-01
9.841813196480236892e-01
9.868551310009655575e-01
9.907736138610053755e-01
9.946462974277691105e-01
9.968644887491526774e-01
1.005240107476158551e+00
1.005852114248682483e+00
1.006471286865366910e+00
1.009552691017048254e+00
1.012151528229433328e+00
1.016087707728341671e+00
1.016116412887385190e+00
1.017441179266562301e+00
1.018964844817538129e+00
1.019302377207187416e+00
1.020151616111662829e+00
1.026053108220549515e+00
1.027325970170659630e+00
1.038092101669174427e+00
1.041436877238244074e+00
1.046782717568622401e+00
1.046896456497308892e+00
1.050042620705932350e+00
1.051467014182745130e+00
1.058490848449681332e+00
1.059428869019438002e+00
1.059755594450440652e+00
1.060763955571440986e+00
1.063548281053340316e+00
1.072226275896419168e+00
1.073598811183181789e+00
1.076226705400086470e+00
1.080161422311127106e+00
1.087951149636922521e+00
1.091372496500556011e+00
1.092610096155292698e+00
1.103373410189341763e+00
1.104925958464232583e+00
1.110600503945077921e+00
1.114965582806253019e+00
1.117588347363024148e+00
1.122962797156437986e+00
1.125728498077132489e+00
1.133419659226241549e+00
1.137146753905660779e+00
1.138869552817466824e+00
1.141149939512421163e+00
1.141229190211356936e+00
1.145388473391480533e+00
1.153327176162912693e+00
1.155429832006878765e+00
1.160182765453359410e+00
1.161834878687436845e+00
1.162170917907813239e+00
1.175050196584717099e+00
1.180501809013543513e+00
1.185762504530501138e+00
1.185860938780987306e+00
1.187062160765494090e+00
1.195040192291662917e+00
1.196003282843321136e+00
1.196859193998420112e+00
1.203255620667304626e+00
1.205201135300203896e+00
1.205676443423962851e+00
1.210209640676340515e+00
1.210896643500646963e+00
1.211873740758604212e+00
1.227177212966946929e+00
1.238982713248103940e+00
1.249906620097279042e+00
1.250857787991103587e+00
1.254222599769939883e+00
1.255939222231207131e+00
1.258816438188690823e+00
1.260314139820823742e+00
1.260391148924584259e+00
1.261341499025326440e+00
1.266029372183745672e+00
1.271914269757916438e+00
1.274775103894144390e+00
1.279132174726267390e+00
1.283116312314843022e+00
1.287714782716281592e+00
1.290145215058523087e+00
1.290241945891620112e+00
1.292762556658816342e+00
1.294623571325446365e+00
1.307735057602209094e+00
1.312776397837400744e+00
1.318910058027293664e+00
1.319566001843414105e+00
1.322264564518631502e+00
1.328126748678746694e+00
1.329285277009247368e+00
1.334246825214032039e+00
1.334293961825505415e+00
1.347408111862831603e+00
1.347832943288641117e+00
1.348160814245338734e+00
1.353041673494449482e+00
1.360802884349522790e+00
1.364539826681937962e+00
1.369516541539878007e+00
1.372807976291164023e+00
1.385642896495678178e+00
1.387815181746149928e+00
1.391200611583673474e+00
1.392732517741820164e+00
1.403524935919453487e+00
1.405943845254929325e+00
1.421197381012585748e+00
1.423006235426774735e+00
1.423703027891372708e+00
1.426108847502322696e+00
1.427084527380830137e+00
1.430234416592079949e+00
1.430721785372716548e+00
1.432175948431333001e+00
1.449625830901370760e+00
1.452539874228505168e+00
1.452919827353097881e+00
1.469546356787018615e+00
1.469787916179436493e+00
1.470655577871660125e+00
1.474206317023683654e+00
1.501937107781757597e+00
1.513222061631317450e+00
1.531905989701090265e+00
1.547303223909207270e+00
1.555533468926206808e+00
1.560940201532448945e+00
1.562707962982279541e+00
1.577513957621340834e+00
1.586246297848516784e+00
1.588615045493677380e+00
1.591749605050330807e+00
1.593202797992891995e+00
1.594827278332742404e+00
1.597387930951981616e+00
1.599349916605665944e+00
1.602671154463182424e+00
1.604183232062088127e+00
1.607045318701144199e+00
1.610965316597393393e+00
1.613531775916538180e+00
1.619187016315807082e+00
1.634600382294039145e+00
1.635599814798125884e+00
1.641159255959101726e+00
1.665259476845333264e+00
1.668572412011354089e+00
1.672245830364524677e+00
1.674731632011706051e+00
1.685152635335987581e+00
1.691298554250440622e+00
1.693308381084009051e+00
1.693986958878183513e+00
1.720937049263463914e+00
1.728850488019461284e+00
1.746042669166303352e+00
1.752114288514042606e+00
1.757859275948467470e+00
1.783808970164781682e+00
1.784843762534191303e+00
1.804172909669173652e+00
1.833036910277505926e+00
1.844238643762807328e+00
1.862309827092969439e+00
1.896451713351346324e+00
1.918086943991011539e+00
1.925921558306882053e+00
2.038297280197074457e+00
2.042547535112987145e+00
2.076009629529365963e+00
2.102814344132725388e+00
2.118855702002328645e+00
2.120597583825619914e+00
2.216177626481678153e+00
2.260292275929891570e+00
2.262672951647182629e+00
2.276613086386776175e+00
2.331555278164658240e+00
2.333847991297617774e+00
2.385833818635718195e+00
2.424664275240248745e+00
2.426735342100319492e+00
2.461875416965993768e+00
2.477625893188021511e+00
2.485586418707112166e+00
2.518205728448959846e+00
2.617445820213993191e+00
2.623250672575975440e+00
2.648850785617877790e+00
2.649106349374295899e+00
2.657202890186016742e+00
2.711213696417929864e+00
2.823445026573472294e+00
2.889883434798781181e+00
3.680415071306883057e+00
4.174899233532503473e+00
