8.850024377180873425e-02
9.717934400587967259e-02
1.089674821807278121e-01
1.099209010102907835e-01
1.193715520975290462e-01
1.256450004862869896e-01
1.289429445683039910e-01
1.411713415778633463e-01
1.454823091408028457e-01
1.466472769614962091e-01
1.512283166164244685e-01
1.522530681640120731e-01
1.599823764540371784e-01
1.646981255777144881e-01
1.677018626185071692e-01
1.701167356096840444e-01
1.705654819417291579e-01
1.739094793312041254e-01
1.751333517801172412e-01
1.785077139144659875e-01
1.839667972937070739e-01
1.842666898163766998e-01
1.877388185170857926e-01
1.916129248534762519e-01
1.932181874140721511e-01
1.941325613113343007e-01
1.941529120683618548e-01
1.941957192069891924e-01
1.941958818023149236e-01
1.977545523310713926e-01
2.006635507464342438e-01
2.037019036453986409e-01
2.044389788540463826e-01
2.075538247329763164e-01
2.079610844039321005e-01
2.109830640131067914e-01
2.145445585184077020e-01
2.185443752685850005e-01
2.190497061296309000e-01
2.193827763107177586e-01
2.215786415014314448e-01
2.250449348577823472e-01
2.259157656433758155e-01
2.265490922643657867e-01
2.282270549427624917e-01
2.312393203935978747e-01
2.312853352259077178e-01
2.321680666316465469e-01
2.324111436686735199e-01
2.336355264177888968e-01
2.340083002043508165e-01
2.350414946468011856e-01
2.386338124350564915e-01
2.387322380313444958e-01
2.391646775066088026e-01
2.393254632369262447e-01
2.395048147379842118e-01
2.397152651852741678e-01
2.398289070756389751e-01
2.398942794144085511e-01
2.406757493502620082e-01
2.410241530408339106e-01
2.419235824384394773e-01
2.427394375406477789e-01
2.430682887412030924e-01
2.454541962176534919e-01
2.494168997184201542e-01
2.512222525350166769e-01
2.557657144065613175e-01
2.573499405227722137e-01
2.583704976958302035e-01
2.596099486817574076e-01
2.598387904244487401e-01
2.604380486554769281e-01
2.629193766154671041e-01
2.652921349862624734e-01
2.681607866397560658e-01
2.701608063894342937e-01
2.724806307806051375e-01
2.726758318820657334e-01
2.733919308562324790e-01
2.744129138559486258e-01
2.775704036721372003e-01
2.800275687083639276e-01
2.806861448802847048e-01
2.808260618506701056e-01
2.812016763113824314e-01
2.823198906544655551e-01
2.829950042925271081e-01
2.870312372250691246e-01
2.878975184859714487e-01
2.905396215182595165e-01
2.910340615339909731e-01
2.912859255017196669e-01
2.915537979851302031e-01
2.925642833337082083e-01
2.934091394917748286e-01
2.942260954017945629e-01
2.944762594728436156e-01
2.956458517062885427e-01
2.958987372258914395e-01
2.966770178212688736e-01
2.981901270542147708e-01
3.009036400942028955e-01
3.009044286528287926e-01
3.015666795860502125e-01
3.022332287199871459e-01
3.025803484441568214e-01
3.026601081229814416e-01
3.041247411468753770e-01
3.045302117605892533e-01
3.047971558211579057e-01
3.056826326285332907e-01
3.058903053049762399e-01
3.062015377681280848e-01
3.062125935570209623e-01
3.066015049434656081e-01
3.078022072180933710e-01
3.080383772150662169e-01
3.091686654317019611e-01
3.103793984246181470e-01
3.107491852702587432e-01
3.115448303587536327e-01
3.131265166803786082e-01
3.146798497186061305e-01
3.147192809967329086e-01
3.153263691702833382e-01
3.162305544612133978e-01
3.169385609283150718e-01
3.179521339011395220e-01
3.182736502224582931e-01
3.184888127992114848e-01
3.196445952538042312e-01
3.198894720534186664e-01
3.213911859319498743e-01
3.214798168017389823e-01
3.219658971467175834e-01
3.220563004447625222e-01
3.267084556060037559e-01
3.275516395820528559e-01
3.278501853815933287e-01
3.296414282230444304e-01
3.298406527541967725e-01
3.321699260340054138e-01
3.336676269574049281e-01
3.341919311180032159e-01
3.352940827229689558e-01
3.356544962515994879e-01
3.362913807869417071e-01
3.373719729352162577e-01
3.396661484637577555e-01
3.403763804447239028e-01
3.407633138131435091e-01
3.410753863101626537e-01
3.412915832357525381e-01
3.433235890426474257e-01
3.451993852855613221e-01
3.477017725321939756e-01
3.477093496235819092e-01
3.501769831027141677e-01
3.503385461590620698e-01
3.515166073438969474e-01
3.518706213956214746e-01
3.522217202591538254e-01
3.523482896727071489e-01
3.531894905167440313e-01
3.552158176105391085e-01
3.554033112457966048e-01
3.558418276972200589e-01
3.566801495706864444e-01
3.573875457234505504e-01
3.592906238407579389e-01
3.600523462422189902e-01
3.620118832728871361e-01
3.628279725636149311e-01
3.641954538173600153e-01
3.652068968811341132e-01
3.657975013532627773e-01
3.659607739509589397e-01
3.662706322503080925e-01
3.663097525495963014e-01
3.664003260069007561e-01
3.666642059043942470e-01
3.695913758067169708e-01
3.709867451676216454e-01
3.711197721838759844e-01
3.716975440560991162e-01
3.724154090286071472e-01
3.747365664355000736e-01
3.748071395177102194e-01
3.752375469374359396e-01
3.753666822916021939e-01
3.758727455263266570e-01
3.763057317589814099e-01
3.765553223474225608e-01
3.768430768386707985e-01
3.794023327266765611e-01
3.798510176058679799e-01
3.827253414355589189e-01
3.829507392798826015e-01
3.832687824619875894e-01
3.855747690086239743e-01
3.860054248702451951e-01
3.864442518729428455e-01
3.880817125339934281e-01
3.883405303761571226e-01
3.899390711833987666e-01
3.901983161843756709e-01
3.912115271172054154e-01
3.934089675993011626e-01
3.943726333883341706e-01
3.944891497801065183e-01
3.949673516505726178e-01
3.969080499364200376e-01
3.980000641398745986e-01
3.986625836727664685e-01
3.999235521692336981e-01
4.004607023519101694e-01
4.013847871791756949e-01
4.014126522508728590e-01
4.021629299573901695e-01
4.027987884673261965e-01
4.031946889606980444e-01
4.036102136855538869e-01
4.039566155345614140e-01
4.048114469328222276e-01
4.057267413393441102e-01
4.058977113035118212e-01
4.061789336460173705e-01
4.068721357945422334e-01
4.078533838118263422e-01
4.085166304526495207e-01
4.086029811992006877e-01
4.091816019959825246e-01
4.111482166171841479e-01
4.117631295044985040e-01
4.120701170033326255e-01
4.124558936391082287e-01
4.131022636426769368e-01
4.135316973114962491e-01
4.138711096558976843e-01
4.148860403692301579e-01
4.153242466449291737e-01
4.157231798065775252e-01
4.169462491619239097e-01
4.179768537136975826e-01
4.194871559203240952e-01
4.200455633387579768e-01
4.200499825618605465e-01
4.206017662012727087e-01
4.210317049493729202e-01
4.221233658170506220e-01
4.222360822909982936e-01
4.230134520273315379e-01
4.233360355063695568e-01
4.234813115988571020e-01
4.234901400969517948e-01
4.239483164206367394e-01
4.245911916140772679e-01
4.245998932819035065e-01
4.248706741429283396e-01
4.259002698292138067e-01
4.289031646187229097e-01
4.295850260355579819e-01
4.300469298647118244e-01
4.302587455654052762e-01
4.310464185420163630e-01
4.312486054678997816e-01
4.313892848948355785e-01
4.332991299578343725e-01
4.336184260939573987e-01
4.337588129956097549e-01
4.338924231728121250e-01
4.350162366675212611e-01
4.360142600763331489e-01
4.371690183000033203e-01
4.374792528617217902e-01
4.379412729003371862e-01
4.384213401228599372e-01
4.387432121322663026e-01
4.399469010929293322e-01
4.403502957531693074e-01
4.408296387701856056e-01
4.412372451792848649e-01
4.420498781647030917e-01
4.426484051943302966e-01
4.447117695097999590e-01
4.447701328157929179e-01
4.456652173991383359e-01
4.469408582161871202e-01
4.470655897029794379e-01
4.477702028474026541e-01
4.501214368360374474e-01
4.501478281562512063e-01
4.521286095651941839e-01
4.526046573761268732e-01
4.533717958791554370e-01
4.536991620404546288e-01
4.538748818455202172e-01
4.545280654397783060e-01
4.559923386384867605e-01
4.561135730097323204e-01
4.574769196747714983e-01
4.582000287441190811e-01
4.595267687031742709e-01
4.595945020092552791e-01
4.597424179058268723e-01
4.598631382712385918e-01
4.601162121447799347e-01
4.609226703749706999e-01
4.609597917094121478e-01
4.609966461771295987e-01
4.614537266057122111e-01
4.617599000549473809e-01
4.620337575497603377e-01
4.622667499905533384e-01
4.627800353040407710e-01
4.642183527226118045e-01
4.661941709682329571e-01
4.667765618565656305e-01
4.672855998850831138e-01
4.675719291914967601e-01
4.697889419115210408e-01
4.700176070912829851e-01
4.700835333428921570e-01
4.707343316874483818e-01
4.715758761884207839e-01
4.718991317650399475e-01
4.720270655038878993e-01
4.727009854503083086e-01
4.737899038659459383e-01
4.747130259307845157e-01
4.747754365258737841e-01
4.757418028527817810e-01
4.758143724214832782e-01
4.759250774451030952e-01
4.765241706761853546e-01
4.776585904547990813e-01
4.777866236544870970e-01
4.798757028385323142e-01
4.802943581408036788e-01
4.805613975491435097e-01
4.806941041112280932e-01
4.812717077222144479e-01
4.817748327006117215e-01
4.818237489219590608e-01
4.820706732798878957e-01
4.825003200291017036e-01
4.825978183006830458e-01
4.829355062086181927e-01
4.833926283616645225e-01
4.844993193746452431e-01
4.857191839341704620e-01
4.859835350599167603e-01
4.860070307517792010e-01
4.863854410876283230e-01
4.866021218822164096e-01
4.866554294646857626e-01
4.878331439812038650e-01
4.884714514811757113e-01
4.897184404936035240e-01
4.907937228541333075e-01
4.916691847024090012e-01
4.916918752198189413e-01
4.921411601711069284e-01
4.936661613371948754e-01
4.937857766226972367e-01
4.942854058482688551e-01
4.945286440253475191e-01
4.945798994811745897e-01
4.954703718407119650e-01
4.955409627551291551e-01
4.957720003564584088e-01
4.980943907530865911e-01
4.983340996257711875e-01
5.008997564438529837e-01
5.012930264343510300e-01
5.015116345944210519e-01
5.015789000482953064e-01
5.016215033983212335e-01
5.020843607515458329e-01
5.025102595932615657e-01
5.036274406230055734e-01
5.038770393995345431e-01
5.039511181563310904e-01
5.054030886705461745e-01
5.066584461682871465e-01
5.080376026051283134e-01
5.086016020528070225e-01
5.088908804445235745e-01
5.090228615352186958e-01
5.094634702376755753e-01
5.101786595842616734e-01
5.106700019832619564e-01
5.111897196680733613e-01
5.115412207330717331e-01
5.118440737048789435e-01
5.127348764293411243e-01
5.130346859134946591e-01
5.137639011976428138e-01
5.144596941258301470e-01
5.154300410328542803e-01
5.158851422050415581e-01
5.160758683465326291e-01
5.173126491076805999e-01
5.175357182096527175e-01
5.176347841098790648e-01
5.179185098838956502e-01
5.184202267987587653e-01
5.188653828516209821e-01
5.190426140128211463e-01
5.190835762263841247e-01
5.201500646351910895e-01
5.202199204279489564e-01
5.202867440251099929e-01
5.203726172593866606e-01
5.217150892969012466e-01
5.217345899609985294e-01
5.222948845220443115e-01
5.224865947849257619e-01
5.226438909118522602e-01
5.228328798603500971e-01
5.230829817807232107e-01
5.245840325921532488e-01
5.249291760289812592e-01
5.260905673260438675e-01
5.267828843289151797e-01
5.291664075613884410e-01
5.299398629221363510e-01
5.300752749933886898e-01
5.309403107732658667e-01
5.310822298137035657e-01
5.313270413800138536e-01
5.321287063006422402e-01
5.321668591614565624e-01
5.323940141368789236e-01
5.325929156187003688e-01
5.333490174834070174e-01
5.334219676545173261e-01
5.341074447259344105e-01
5.345504440850337158e-01
5.351786500889552656e-01
5.352001454661452495e-01
5.353495940536355802e-01
5.353924028429528637e-01
5.365207834812170118e-01
5.368159258446849602e-01
5.369220281004041251e-01
5.374963128784393529e-01
5.376463909555553311e-01
5.379137390364682192e-01
5.379901494329214495e-01
5.395253339796365344e-01
5.415740216885865932e-01
5.421357188065519805e-01
5.437166026733849522e-01
5.441990011299846497e-01
5.442186195192079134e-01
5.446380691660739348e-01
5.451137872228248860e-01
5.454402028116578371e-01
5.457208398585869924e-01
5.462598228292891989e-01
5.474364542683975987e-01
5.476207996217730134e-01
5.476273308827317443e-01
5.479076989510428541e-01
5.484810601517752238e-01
5.491167649259607320e-01
5.493453544764418384e-01
5.498740412285167967e-01
5.499685508443730164e-01
5.501412882448154518e-01
5.509975756055106588e-01
5.522211301314768894e-01
5.543130728522143169e-01
5.553156804571438565e-01
5.555326745949050737e-01
5.565178431431442307e-01
5.565859826415138212e-01
5.566624526627675928e-01
5.570673350363295473e-01
5.572400759107883905e-01
5.576938107583818693e-01
5.588730590512258622e-01
5.588865112326065754e-01
5.589614141956874560e-01
5.592194303788071696e-01
5.602881828543692100e-01
5.609967950101971690e-01
5.621289308713941502e-01
5.621306215317114496e-01
5.622741582121579818e-01
5.622994101840291803e-01
5.623288626967025694e-01
5.630666127881611693e-01
5.633048746334237133e-01
5.641631070076552623e-01
5.643433349558835133e-01
5.654553237339791094e-01
5.655267593669595083e-01
5.655991506569202354e-01
5.656384410951428299e-01
5.656451533517656838e-01
5.658354514656226408e-01
5.660680721925295256e-01
5.666398637570041474e-01
5.668852093238490042e-01
5.677824253752398187e-01
5.677909312162158217e-01
5.678042393078852612e-01
5.687927062265530909e-01
5.701043898547436539e-01
5.701524096794255980e-01
5.709011200587077450e-01
5.709938479186421612e-01
5.710324960860515553e-01
5.713494452699938719e-01
5.717092256766636016e-01
5.721478852379835445e-01
5.722274642404407974e-01
5.731348310293223891e-01
5.733313583782532197e-01
5.738757392136949465e-01
5.743038709776339124e-01
5.746178468194861333e-01
5.752663621080682521e-01
5.758818550914146517e-01
5.761723812002537137e-01
5.765997765580364032e-01
5.769016470451366896e-01
5.770550030400150021e-01
5.775842451224508789e-01
5.778716027206808326e-01
5.779273531600571667e-01
5.786827925435964470e-01
5.793648768710034647e-01
5.796495279662398081e-01
5.800459659254894040e-01
5.807259379727571780e-01
5.808761528013416386e-01
5.814480963238223277e-01
5.823711399762346863e-01
5.828880503099207466e-01
5.830274051867110341e-01
5.832641684788041347e-01
5.839348544236242500e-01
5.840061834267717966e-01
5.847453501379109575e-01
5.851049876075261613e-01
5.852720365533616853e-01
5.854583131552891784e-01
5.854923064000799870e-01
5.856170653470964549e-01
5.857087566190902761e-01
5.858086709169829653e-01
5.860863126622775088e-01
5.861786016829650947e-01
5.864871985982235136e-01
5.864889591279456305e-01
5.866631256441430242e-01
5.872823574150028980e-01
5.878458915222124492e-01
5.879443247271286532e-01
5.884140752266315832e-01
5.889460698379734849e-01
5.894491602762315097e-01
5.897252077584606011e-01
5.899043961401218006e-01
5.901808187386019533e-01
5.906064945336261252e-01
5.906483682648221434e-01
5.911544368393312210e-01
5.912659640254145366e-01
5.919359325384705439e-01
5.923170344963795131e-01
5.924633221299944186e-01
5.931205722294887739e-01
5.937120409822599365e-01
5.940482512936516857e-01
5.941924640368292376e-01
5.950195450726073476e-01
5.952474230747775152e-01
5.954514838934126253e-01
5.955344968491697033e-01
5.956620748002687815e-01
5.957553260585499721e-01
5.960686468263602933e-01
5.964491351471186142e-01
5.965500011832091110e-01
5.966428797895513281e-01
5.978898066872799788e-01
5.984124298235833361e-01
5.989045371841752452e-01
5.997170905044161282e-01
6.007608433486473221e-01
6.008460834699854702e-01
6.013036552932371492e-01
6.013176724817881347e-01
6.020554344161498372e-01
6.028270407415949883e-01
6.035807722416078880e-01
6.037287598908888109e-01
6.040261118938896612e-01
6.046153561354569161e-01
6.046855908507454691e-01
6.047296474248676779e-01
6.047356169141403504e-01
6.052129772833039212e-01
6.059653202749517575e-01
6.060257160381634645e-01
6.065475256579989649e-01
6.066847178847177835e-01
6.079386216513558150e-01
6.082589101149541433e-01
6.087003285305626621e-01
6.087735905734181774e-01
6.095047537171729424e-01
6.095765687808600841e-01
6.097056771348294824e-01
6.097638268614737900e-01
6.099697966795138981e-01
6.101371777793310747e-01
6.106017798751611769e-01
6.108762780071306242e-01
6.119055565499954552e-01
6.119815236177381657e-01
6.124013016712415158e-01
6.135082370972352317e-01
6.144172590928299593e-01
6.145103616367902921e-01
6.146475181975638025e-01
6.146613324288650038e-01
6.151612740238701083e-01
6.156831857675952868e-01
6.158752159628737566e-01
6.161283309297286293e-01
6.165658718484928746e-01
6.171494540356252667e-01
6.174707342639778052e-01
6.177230912002809049e-01
6.177530897243120878e-01
6.180288345192853638e-01
6.180747003819185847e-01
6.187649913557581316e-01
6.195448223532044052e-01
6.204589832118933002e-01
6.207871798192590163e-01
6.208958614229914685e-01
6.212785690125325333e-01
6.217431255941676671e-01
6.225967000108317828e-01
6.242640002857656745e-01
6.243924999492932448e-01
6.277272919867479262e-01
6.285127999798287846e-01
6.287423698452510035e-01
6.292873734338573222e-01
6.293062322472056103e-01
6.300221433897083001e-01
6.306366277499948492e-01
6.308121924890008891e-01
6.308148090001581831e-01
6.313204912615402176e-01
6.313230504430146217e-01
6.318132857551377324e-01
6.328464091801777602e-01
6.332143421503854119e-01
6.333792782007139355e-01
6.336038805790801254e-01
6.336751847445826202e-01
6.337257430863649788e-01
6.343611830523987472e-01
6.344033776035780114e-01
6.346566311368903035e-01
6.349465788612258521e-01
6.352077325516252149e-01
6.354209497653908745e-01
6.368147651826727706e-01
6.384438744284479661e-01
6.385154903580365637e-01
6.385562840570888632e-01
6.389887970773971970e-01
6.392595804931184844e-01
6.393621052917192182e-01
6.394277078831798189e-01
6.395582765796729019e-01
6.398955234397623038e-01
6.400282031441794084e-01
6.405241284934116708e-01
6.408048759879503287e-01
6.408482423152431773e-01
6.415875476154563328e-01
6.421562917926013636e-01
6.423206778362653413e-01
6.423331017309450441e-01
6.433819958878147505e-01
6.434847291090984855e-01
6.438275072622169359e-01
6.439968447099646554e-01
6.447647735326164087e-01
6.451906721797651123e-01
6.459424228823640313e-01
6.461420108265873985e-01
6.462985759858854706e-01
6.465928397513337478e-01
6.471702586911626254e-01
6.473982078401193663e-01
6.475045364060537656e-01
6.477818290018031444e-01
6.478470138086996899e-01
6.480885802986219302e-01
6.485070370393610784e-01
6.489307925811240718e-01
6.490093387640986089e-01
6.493820901350906283e-01
6.496473032533857106e-01
6.505047408828531497e-01
6.510282599623044009e-01
6.510963617432156125e-01
6.514469977959006508e-01
6.514549423838565945e-01
6.521685444884055549e-01
6.528213775364780647e-01
6.529152576279497744e-01
6.531093223000672410e-01
6.543555402940267607e-01
6.544798070934487733e-01
6.548558211821702280e-01
6.548673272890213060e-01
6.550926073646806680e-01
6.551864107265353843e-01
6.552130023294771011e-01
6.553437284233492033e-01
6.559295375749626400e-01
6.561685547744972036e-01
6.562844387569538585e-01
6.564138199988905908e-01
6.573806682315576078e-01
6.579069857086018436e-01
6.587475815647521049e-01
6.587897062279352012e-01
6.595084846448544535e-01
6.600071424841595924e-01
6.601152627540548545e-01
6.603908315937618845e-01
6.604749789483286282e-01
6.604774158848027987e-01
6.607418650187175668e-01
6.608098089979674850e-01
6.618339087332145709e-01
6.620386102952127150e-01
6.626028172861277987e-01
6.630249659835464326e-01
6.631374540213345048e-01
6.636377284660121001e-01
6.636414915418099580e-01
6.645252447675706886e-01
6.647476317273247615e-01
6.651055275655277654e-01
6.657036547713620633e-01
6.660020746031946048e-01
6.660714988932560088e-01
6.665281079506359951e-01
6.666517608840386577e-01
6.669049950284450246e-01
6.672166904552311317e-01
6.675200541164376666e-01
6.682695026223295365e-01
6.684568922976081851e-01
6.686674142916185781e-01
6.687098969060483178e-01
6.688613262292757433e-01
6.690416520010371570e-01
6.697256614044370115e-01
6.698517495148268441e-01
6.699884168605477752e-01
6.702087570101440406e-01
6.703686256472564109e-01
6.706163931829401958e-01
6.707589009783292422e-01
6.708230854287692280e-01
6.711620715612482968e-01
6.712136510787523047e-01
6.712639473274770729e-01
6.716672420915450470e-01
6.718924118748236252e-01
6.725265975635587035e-01
6.731049106620123901e-01
6.732571773971616214e-01
6.736149606092854958e-01
6.736839815549641175e-01
6.743047728137951946e-01
6.747364319516830911e-01
6.753448129728819582e-01
6.757656067985725601e-01
6.759886395329326447e-01
6.762336420540906445e-01
6.768122590451295384e-01
6.768486003995152211e-01
6.769078530090048007e-01
6.771640920886980997e-01
6.772925581146680418e-01
6.773654800624443473e-01
6.776593299749326116e-01
6.779958800393470764e-01
6.782721640342550540e-01
6.791126502557597311e-01
6.791218889359309507e-01
6.793883315940664192e-01
6.794252241887697163e-01
6.796558799519181182e-01
6.797327255341835128e-01
6.797619785071784548e-01
6.797881957560099053e-01
6.799097542961445306e-01
6.799115384279220686e-01
6.800024719645031412e-01
6.808206366958931000e-01
6.809968557969647840e-01
6.811156189913746273e-01
6.815171876826969788e-01
6.817579325281547531e-01
6.818225277018429287e-01
6.820612153838511160e-01
6.826962231681503734e-01
6.832996760201022202e-01
6.833451052324502895e-01
6.846877877925859890e-01
6.848222430246857506e-01
6.850379194944673511e-01
6.851713083415803540e-01
6.854504244207789698e-01
6.857029581680943453e-01
6.859443698989001748e-01
6.873335499917737623e-01
6.881158493919855568e-01
6.884441232935772925e-01
6.885446459317251522e-01
6.889304109464425840e-01
6.895532832574760018e-01
6.912006891675821496e-01
6.917265687173019817e-01
6.918081406325261584e-01
6.923104979604268738e-01
6.924881748168675299e-01
6.933337179263968642e-01
6.936684461115075750e-01
6.940476326310971444e-01
6.941833242196859821e-01
6.949248251272507337e-01
6.966933444498426553e-01
6.970930620254406351e-01
6.972623562160386035e-01
6.972938852848603597e-01
6.974492044852134143e-01
6.977329017745582673e-01
6.985345283824031526e-01
6.997238937466936370e-01
7.000434873722423124e-01
7.011567196287843418e-01
7.017660831700229807e-01
7.017995603880629041e-01
7.019516914077943426e-01
7.025180056745496948e-01
7.029839956018638647e-01
7.032346305715998502e-01
7.033844323799108844e-01
7.035895097476502213e-01
7.037944190935532252e-01
7.042140179295907076e-01
7.045414618341773183e-01
7.048801326481501928e-01
7.050288855774283769e-01
7.053305177400130965e-01
7.056611189413449781e-01
7.057185824748031244e-01
7.066872818344479557e-01
7.068190256872074473e-01
7.068413176930652408e-01
7.069247481928004895e-01
7.069682221104085507e-01
7.073407515933952672e-01
7.083511383466065681e-01
7.083555396982500474e-01
7.086981658516426918e-01
7.089716798322842628e-01
7.091946931734489645e-01
7.096627612406190000e-01
7.098407519766752882e-01
7.100645745760408856e-01
7.109137538406581358e-01
7.111001037785527057e-01
7.114581433092634910e-01
7.119966475350293367e-01
7.121493733502577417e-01
7.123330287798432803e-01
7.133011415044860914e-01
7.135747688360052354e-01
7.140731494885880215e-01
7.141201950537217069e-01
7.146826441882414560e-01
7.148794240839653202e-01
7.148930839890119682e-01
7.152464491912263744e-01
7.153409947973941030e-01
7.155677962271288495e-01
7.162735541722036192e-01
7.163982682999959772e-01
7.170972697273401142e-01
7.175292274763518385e-01
7.179713441115777028e-01
7.180697302394912773e-01
7.182011162526602543e-01
7.182314726045847531e-01
7.184563398769551190e-01
7.186597059201685900e-01
7.186754257482756980e-01
7.187774568664329067e-01
7.189417076252256900e-01
7.191328613388420221e-01
7.207235797597376648e-01
7.207510002620935996e-01
7.210715051961249511e-01
7.210944090231453663e-01
7.211907960843710885e-01
7.214526050374984179e-01
7.215924999129980089e-01
7.220318616796348454e-01
7.221379333362335506e-01
7.230977222994467990e-01
7.233033265953945357e-01
7.234037314158471288e-01
7.237918548609296732e-01
7.244774555853834563e-01
7.244923372536765660e-01
7.248262781271906929e-01
7.249262760638915948e-01
7.256431743683546820e-01
7.258137129799044907e-01
7.267546161758053902e-01
7.268762064144225210e-01
7.270231216503626470e-01
7.273025997431070699e-01
7.277218599774434304e-01
7.285714057227355989e-01
7.292253519228562020e-01
7.296537475714595100e-01
7.308457849721720079e-01
7.310431162018511397e-01
7.313584895537336150e-01
7.313784443546703651e-01
7.314523713732122845e-01
7.314577632913893401e-01
7.321240741288707055e-01
7.322496437439633965e-01
7.330124686460406380e-01
7.332119731730594170e-01
7.334617162026658699e-01
7.342580633611732743e-01
7.343691161362122521e-01
7.343849542886280446e-01
7.347575563987321923e-01
7.349761680613315917e-01
7.350220323007647938e-01
7.353868312447712219e-01
7.367179966610690744e-01
7.373128234630019762e-01
7.380525427017881057e-01
7.382908686520985864e-01
7.383033472307232170e-01
7.387597385291040375e-01
7.393309980570689222e-01
7.408340071078485245e-01
7.410021959082542242e-01
7.413866958094067483e-01
7.415469674033716707e-01
7.417711660014045805e-01
7.422518012472396620e-01
7.422634183385972140e-01
7.423683208309656001e-01
7.425452020038620926e-01
7.430367300856529633e-01
7.432261711606945598e-01
7.432767069828789541e-01
7.432924241432374846e-01
7.440263270650445682e-01
7.440431878181131831e-01
7.445373677109244914e-01
7.457648988748635244e-01
7.458025092608163709e-01
7.464539664710850841e-01
7.467831712113421894e-01
7.469919183270552487e-01
7.471057460004220108e-01
7.481350514234389459e-01
7.481999386943039010e-01
7.482774911972926990e-01
7.487779699377037357e-01
7.492504030133280146e-01
7.496319979851832072e-01
7.496445740819338566e-01
7.498207591123544624e-01
7.500272704764626708e-01
7.503079342250192907e-01
7.505279534976795341e-01
7.515406995085102126e-01
7.515789616425733177e-01
7.518651808182967855e-01
7.520332389110100380e-01
7.521717865149550875e-01
7.524168389557397418e-01
7.533436096807557547e-01
7.541743705755892258e-01
7.543636597606153682e-01
7.543761484625054470e-01
7.549317974330385095e-01
7.549516902601975943e-01
7.550201215232400509e-01
7.552528410849093099e-01
7.554726984218868013e-01
7.559774597677487717e-01
7.567597299035585534e-01
7.584381037616237942e-01
7.586789205990227547e-01
7.590771122291966044e-01
7.594731978980657772e-01
7.597110876046839767e-01
7.597971034022864556e-01
7.606464531951632191e-01
7.613885556629792495e-01
7.614933336251221707e-01
7.627321991659163913e-01
7.631981144939473660e-01
7.634374140398321185e-01
7.635073394237869016e-01
7.643475589376622636e-01
7.645341720196499047e-01
7.646760453177230410e-01
7.651660017376206158e-01
7.651854666554719353e-01
7.653990093576780174e-01
7.654192429909927320e-01
7.667677454428729611e-01
7.669532989141659707e-01
7.672733933429297659e-01
7.674107095605694484e-01
7.674332868902414839e-01
7.674822482453307337e-01
7.678685416228527849e-01
7.684553445813074868e-01
7.687219497713779770e-01
7.688990611731960634e-01
7.692546961458911481e-01
7.696725151701974132e-01
7.696960110085371287e-01
7.697553949641027238e-01
7.698731280936838006e-01
7.698754105486960153e-01
7.701517984086870827e-01
7.708681861339147234e-01
7.709361153804114020e-01
7.716647065102321124e-01
7.718224653464619278e-01
7.718990669798786453e-01
7.720129239713633407e-01
7.725608980316008845e-01
7.734889136170953750e-01
7.735510764178953336e-01
7.739231136830999613e-01
7.741518003720599950e-01
7.743623841714099010e-01
7.746113302382545696e-01
7.751649466110623887e-01
7.762392874031838197e-01
7.762661983115587416e-01
7.770755976612272464e-01
7.770790116104221434e-01
7.776137801726847876e-01
7.776692567470672168e-01
7.781822330983100278e-01
7.782339311275074945e-01
7.782836815462196300e-01
7.783552620538954914e-01
7.785743833198303099e-01
7.786185312526023861e-01
7.789687196514660794e-01
7.791912693978112481e-01
7.797430980283159840e-01
7.798013413756744727e-01
7.798787763113280702e-01
7.801047072066249477e-01
7.801857760324362179e-01
7.802813116932885151e-01
7.805769680778990027e-01
7.805833372623842692e-01
7.810613722615956656e-01
7.811621787889521107e-01
7.817644663322359522e-01
7.820268488146798758e-01
7.821845169567385181e-01
7.822781050710428952e-01
7.829947405182789977e-01
7.843923500783245295e-01
7.844036662242377389e-01
7.847208701995874724e-01
7.849768867639451697e-01
7.849904683135022765e-01
7.850810888450157066e-01
7.850902352859548960e-01
7.852545226349674223e-01
7.853045714099564645e-01
7.859480938517241499e-01
7.864061952058359894e-01
7.865152579769115748e-01
7.866827131891483971e-01
7.867158470321088393e-01
7.870500985935867666e-01
7.873120989516357859e-01
7.887076697418359261e-01
7.889965798896307891e-01
7.895913612577669660e-01
7.896204028140102471e-01
7.898673190674775357e-01
7.906012822452178623e-01
7.907648369651127940e-01
7.908261326905507982e-01
7.912876115819358347e-01
7.916762221774282793e-01
7.918252777231469253e-01
7.922043017568308754e-01
7.925196452901813737e-01
7.929237562065821754e-01
7.931753308303842731e-01
7.948407397392686091e-01
7.950697712789450700e-01
7.956327751240833690e-01
7.963088507684329409e-01
7.970687373743521320e-01
7.972540957962385155e-01
7.975840654615943270e-01
7.981539431091710934e-01
7.983406155790429004e-01
7.987458521762071939e-01
7.987674658779592152e-01
7.994046874040402484e-01
7.998000677091472443e-01
7.998389434828223621e-01
8.000160940009305444e-01
8.008290130612260027e-01
8.012450599863961687e-01
8.012745943062641318e-01
8.015217430759078443e-01
8.017258139734031452e-01
8.018039160961957235e-01
8.020203338780457214e-01
8.022700291845432652e-01
8.023522359105395019e-01
8.026936038966362430e-01
8.030918345560206228e-01
8.031393445379998441e-01
8.039018368028348904e-01
8.040925670967850047e-01
8.057658817781496730e-01
8.058819946430956227e-01
8.059414151440135177e-01
8.060514333380165430e-01
8.061210180517041080e-01
8.064956391906524802e-01
8.071233060288609540e-01
8.071845845874452419e-01
8.073195734775588939e-01
8.074651466929682053e-01
8.075171448414755204e-01
8.080255941464350444e-01
8.080452965565787515e-01
8.082651822207408410e-01
8.083280886830931378e-01
8.084374034803086806e-01
8.086160639434676334e-01
8.086620957270251875e-01
8.088781038131109824e-01
8.092794303137988976e-01
8.093478536316718319e-01
8.094151247582399566e-01
8.097318096036555390e-01
8.104747972170293080e-01
8.111223173613045789e-01
8.112361853447107585e-01
8.113240836247731513e-01
8.122301637308423361e-01
8.127197947548322476e-01
8.129322111196777279e-01
8.131592220263847981e-01
8.131769786739972972e-01
8.138082177072200052e-01
8.146616789522559410e-01
8.152080539264210390e-01
8.152608083757596491e-01
8.152663286187237235e-01
8.152725616514322482e-01
8.153877386217432965e-01
8.155243155995389737e-01
8.159372969496967443e-01
8.171697381139838567e-01
8.176160613669208876e-01
8.177149000464110085e-01
8.178659299412096573e-01
8.183407592586138257e-01
8.184450527947213505e-01
8.185861008663247729e-01
8.190581227879047965e-01
8.190915499224118435e-01
8.191935378265113865e-01
8.192228782664453535e-01
8.196263421928869919e-01
8.199400582767198964e-01
8.204023616885726122e-01
8.206589319815262851e-01
8.212065099639651589e-01
8.218381185621400631e-01
8.218534042510274862e-01
8.219160077109087803e-01
8.230225216949760281e-01
8.244585884312032320e-01
8.250917366316407042e-01
8.254913795556793055e-01
8.263843577023258780e-01
8.266122466820072789e-01
8.270899691832482858e-01
8.271467851051077513e-01
8.272235693885502394e-01
8.279326851473323146e-01
8.286533148207706478e-01
8.289068357497466621e-01
8.294439372203760152e-01
8.297003966818160547e-01
8.307835175559066254e-01
8.308691742627365429e-01
8.310327838190113559e-01
8.310737579923589413e-01
8.316195602793454711e-01
8.319137955853035393e-01
8.320064422309325636e-01
8.325636089696805131e-01
8.327728043882364206e-01
8.333194975830603424e-01
8.337525427143485102e-01
8.338411561750282974e-01
8.342572136028293395e-01
8.352045055126418038e-01
8.360872977829122421e-01
8.364371431093475806e-01
8.368163464299822607e-01
8.378183246295031195e-01
8.381731259982369009e-01
8.383375742092343819e-01
8.389807260382553533e-01
8.394964267377144074e-01
8.397104484761144239e-01
8.401138443282563095e-01
8.404084535958739055e-01
8.404793876092935268e-01
8.406316728447573716e-01
8.411566679466201402e-01
8.412122212827383150e-01
8.413497361496795612e-01
8.413502584023118125e-01
8.414133642685333037e-01
8.417126157822834021e-01
8.422570238740703097e-01
8.423816563228561094e-01
8.425853120306308064e-01
8.427412157656938296e-01
8.433175968545719714e-01
8.434588961509128513e-01
8.440753900529598397e-01
8.441487944322733084e-01
8.441904446912392723e-01
8.444203420598207499e-01
8.449407095269196866e-01
8.458134612835794819e-01
8.461681023546766545e-01
8.462786394159452774e-01
8.464422724493088079e-01
8.466051741022734278e-01
8.469847959595789844e-01
8.470641120907007604e-01
8.474740705881643743e-01
8.477693485134312201e-01
8.478286370861622956e-01
8.478816132216275836e-01
8.485907153468607023e-01
8.487191264728163320e-01
8.489233060338794434e-01
8.490720051496716270e-01
8.494915336854981236e-01
8.495380436486485998e-01
8.496786446219848354e-01
8.498288939130975717e-01
8.506180742614216639e-01
8.507054338342799893e-01
8.512754612881147098e-01
8.513529092108989005e-01
8.521480578582202314e-01
8.523052602291241175e-01
8.528060310787065612e-01
8.529061398738242428e-01
8.529862751548146216e-01
8.535467721011543718e-01
8.539084652008145371e-01
8.543843690199773855e-01
8.546649859848975961e-01
8.555414962702294623e-01
8.555734002800777782e-01
8.557626882072255636e-01
8.567795332624354998e-01
8.568679450321693425e-01
8.569193098105402084e-01
8.573519268269780280e-01
8.573858775949966260e-01
8.574533664967652902e-01
8.577626866581198328e-01
8.583000193814013246e-01
8.589066407810389547e-01
8.590012560779441975e-01
8.591781198151915433e-01
8.596741456147121152e-01
8.597813548842393461e-01
8.602298742678153864e-01
8.602820926428217385e-01
8.605150108440462464e-01
8.612376447201788299e-01
8.614160646661945808e-01
8.615475098559424172e-01
8.615744710505514048e-01
8.620255531426519457e-01
8.621790124470987138e-01
8.623178708208570908e-01
8.623245538281130163e-01
8.626571983122262033e-01
8.627101329257260698e-01
8.632708909030853972e-01
8.650171586940875734e-01
8.650856870365274398e-01
8.651435612944804454e-01
8.651576064157492363e-01
8.655354511222190794e-01
8.657667670566360218e-01
8.658637414226173501e-01
8.659866525484771760e-01
8.669589358921088174e-01
8.674194052694742529e-01
8.681338977468702200e-01
8.686190803204938415e-01
8.689375113569970388e-01
8.696070204316904695e-01
8.696577559702971527e-01
8.711217735976612975e-01
8.711632286340290632e-01
8.712467301127617691e-01
8.716932693133896404e-01
8.719006546292655813e-01
8.733039640826814054e-01
8.733570527393670346e-01
8.746900213056609807e-01
8.747804822283022919e-01
8.751805626493367463e-01
8.752895096979457223e-01
8.757853165305747867e-01
8.758758527301285790e-01
8.765327912698978041e-01
8.770284577520540692e-01
8.774167983161283990e-01
8.774601041051289796e-01
8.776786876159410333e-01
8.781955482596475182e-01
8.783618731153696180e-01
8.791119726649671007e-01
8.794841994067208457e-01
8.795244163657699454e-01
8.798655177937574345e-01
8.799328167082413055e-01
8.801011535322866841e-01
8.807893697135829036e-01
8.808210017762740929e-01
8.813685612249372303e-01
8.819479437063204585e-01
8.820328860421983164e-01
8.831688345383810201e-01
8.832552379177295299e-01
8.834196497019354277e-01
8.834718826370356881e-01
8.837673844983665594e-01
8.842338009395406262e-01
8.842933780614962158e-01
8.843960110414337272e-01
8.844842256684617432e-01
8.846815754347491234e-01
8.852169455900272821e-01
8.852888117362572862e-01
8.853181754865669939e-01
8.855450805510155510e-01
8.856069414646225990e-01
8.858046228306801773e-01
8.858114004340792436e-01
8.860676067987556248e-01
8.868998264906348128e-01
8.872357762977859386e-01
8.873987546449252362e-01
8.875180373074446072e-01
8.878848336028738464e-01
8.889329152808604917e-01
8.896493647991606801e-01
8.900023183335480370e-01
8.900306671998964303e-01
8.905399727476374094e-01
8.912204721046583789e-01
8.916110098971918863e-01
8.916392675209637853e-01
8.918673403176355929e-01
8.923280091823824201e-01
8.923458302562626843e-01
8.925773472792098984e-01
8.926123218949107985e-01
8.928430954372645889e-01
8.929093281948146110e-01
8.930102432686755076e-01
8.930460069094887654e-01
8.931782384281343745e-01
8.943339407112881334e-01
8.946838602744897617e-01
8.950015111235199994e-01
8.954202344936857960e-01
8.959781990007471553e-01
8.965862508893860383e-01
8.967619858658293364e-01
8.970584781609463043e-01
8.972065100963690920e-01
8.975676581487662675e-01
8.983056579389493423e-01
8.984764005605372361e-01
8.985416553594914868e-01
8.987450187533885249e-01
8.988635618484118739e-01
8.989734473073265342e-01
8.993630355263773080e-01
8.994687732601426289e-01
8.995496460023031382e-01
8.997259396887827831e-01
8.998442652449534229e-01
9.011323337228230868e-01
9.012678201274200163e-01
9.013135213918638255e-01
9.016862078187302121e-01
9.022770823845334132e-01
9.022918243156237139e-01
9.026020224295436822e-01
9.027032344097892791e-01
9.047930081387079992e-01
9.049505825977719464e-01
9.051742730683650651e-01
9.055183371458124242e-01
9.060813981717514842e-01
9.061104930827794668e-01
9.071537224500809682e-01
9.076172818662865405e-01
9.079457811422094737e-01
9.083788180610574692e-01
9.097966788773973468e-01
9.104654540873911017e-01
9.105376442015420402e-01
9.105953654592300328e-01
9.106024654161148923e-01
9.109792267489903450e-01
9.117318853559860381e-01
9.120409651812666496e-01
9.122382253409703212e-01
9.125396227426910700e-01
9.132358322413804963e-01
9.132875362304302413e-01
9.133041484359550877e-01
9.134172241697344763e-01
9.136088967790133575e-01
9.141278824009886339e-01
9.144671523933423085e-01
9.147049872020466266e-01
9.149206977804164032e-01
9.149906231015766389e-01
9.151245467142913315e-01
9.151531013688101179e-01
9.156837564523863104e-01
9.165109824555608409e-01
9.168872843454867194e-01
9.175094915302506315e-01
9.175391403445518623e-01
9.177604132314143293e-01
9.178319657261507780e-01
9.183105467416333711e-01
9.187341890995535110e-01
9.188825056449623219e-01
9.189783321959296147e-01
9.190536050662322376e-01
9.198445350057793402e-01
9.202667387488749906e-01
9.206935709642902754e-01
9.208655317999288048e-01
9.210863055164801860e-01
9.211947956096181445e-01
9.213162458638549657e-01
9.215198060639371302e-01
9.219241514364647783e-01
9.222455521639200127e-01
9.228947143414447662e-01
9.229250540220788057e-01
9.237258390748848136e-01
9.240012490775565412e-01
9.244868865570106120e-01
9.245510368670322165e-01
9.251410969459747946e-01
9.253093846602085115e-01
9.253821993662785239e-01
9.257323725876747122e-01
9.258796718019591809e-01
9.266523900870964336e-01
9.273040418964809684e-01
9.273059050038617857e-01
9.280814692870191784e-01
9.281070216080361535e-01
9.283844371330619571e-01
9.283918457170825533e-01
9.291133509466270590e-01
9.302887947257694190e-01
9.303050091102748054e-01
9.304764963217416751e-01
9.306688506813675099e-01
9.309006405773236903e-01
9.313525842633706420e-01
9.314301956621704459e-01
9.314593756813077663e-01
9.317420966780672886e-01
9.318549609143929047e-01
9.320140296600152308e-01
9.322656421236198421e-01
9.324663433565558712e-01
9.328907808881292674e-01
9.329827660654426147e-01
9.335689593082746596e-01
9.340617989941210064e-01
9.342939293078973417e-01
9.348541423206826462e-01
9.350844195709508977e-01
9.352903025521435154e-01
9.356828705420764392e-01
9.358520410870824202e-01
9.365922233769738980e-01
9.372197497906052943e-01
9.376408225660356477e-01
9.377783433315421968e-01
9.378054179086962039e-01
9.385155714455074571e-01
9.390957822956428336e-01
9.395038690903012579e-01
9.418107170410491280e-01
9.419337319871230463e-01
9.420738643353143704e-01
9.423580007470239162e-01
9.424408534613066823e-01
9.437857347595589586e-01
9.439282131183259761e-01
9.447829259965355719e-01
9.448492108013456514e-01
9.448998197065426874e-01
9.449332138752972732e-01
9.451159027839947102e-01
9.460428922342460911e-01
9.461853934087834928e-01
9.465741112657587442e-01
9.471164603438084750e-01
9.475804341758176097e-01
9.479801557576813531e-01
9.484301355314014303e-01
9.486736689565868907e-01
9.489541737210442918e-01
9.490357153130960510e-01
9.497126915254304746e-01
9.498566858674313274e-01
9.499256722083073701e-01
9.501367337607375951e-01
9.502055892824609051e-01
9.506006965974217460e-01
9.508026487550330641e-01
9.508777034191376876e-01
9.510386261695887855e-01
9.512579525152268234e-01
9.525962279906952102e-01
9.535463615561413642e-01
9.540294525796496616e-01
9.547831343999712006e-01
9.551489551875499417e-01
9.553596037560376786e-01
9.557529352033587999e-01
9.562865588466832323e-01
9.562875218026466451e-01
9.563980876963382727e-01
9.572004177950641512e-01
9.572257960337429150e-01
9.572625599315676137e-01
9.575547449699166602e-01
9.575975193253896123e-01
9.582062771345729590e-01
9.591849686122282392e-01
9.596096188610606648e-01
9.605452858544095696e-01
9.607838793214061868e-01
9.609497067958502337e-01
9.613627861281935916e-01
9.614410836614220024e-01
9.614928012275874014e-01
9.621751266006689507e-01
9.624030509493618490e-01
9.624965210892356682e-01
9.627613624972576334e-01
9.628224031085892420e-01
9.630479293846248012e-01
9.633097186646961685e-01
9.638497122461180400e-01
9.642216799367360203e-01
9.642627539905679335e-01
9.646458728840435759e-01
9.647959556822393035e-01
9.649433113089036507e-01
9.649527349686396471e-01
9.650466907488244317e-01
9.652399313921766755e-01
9.653561900187634937e-01
9.654413893734623553e-01
9.655099479742446089e-01
9.656883967286493675e-01
9.661246278650021946e-01
9.664754571085790724e-01
9.666129987447314997e-01
9.666989838535988699e-01
9.668980374823225032e-01
9.671077304177191358e-01
9.672826498558095842e-01
9.673043713728001203e-01
9.680630742069387118e-01
9.682165313570575416e-01
9.682612762130065054e-01
9.687301718229920366e-01
9.689153396059664303e-01
9.690224187145174417e-01
9.696931466893489171e-01
9.707590174174470787e-01
9.715609730489376261e-01
9.717893956377073872e-01
9.718670229985338915e-01
9.718757229665961894e-01
9.724804433785811941e-01
9.730458550221072755e-01
9.730562481457277757e-01
9.736879876663973032e-01
9.742423803018553929e-01
9.754814080800994214e-01
9.759025333051022377e-01
9.761693742749559810e-01
9.766658830829122451e-01
9.770417107466633500e-01
9.770577050326352264e-01
9.772231855392869981e-01
9.772795199194643789e-01
9.774503060220643968e-01
9.774831741208399594e-01
9.778183597572724928e-01
9.781634608992444413e-01
9.786425439414905281e-01
9.789783469270643135e-01
9.792866184763998616e-01
9.794599452320910116e-01
9.797272877506140176e-01
9.806265061406836958e-01
9.814052284661375358e-01
9.814084161250882232e-01
9.820746016378076870e-01
9.821228567710609259e-01
9.822767071306892639e-01
9.824305532273128749e-01
9.826071576683690356e-01
9.830031170420707731e-01
9.830994579294811686e-01
9.834130816696432520e-01
9.834475774246432822e-01
9.834942940200406269e-01
9.835615134568723716e-01
9.837084677410901090e-01
9.839484034113108457e-01
9.843121019344744926e-01
9.846390449061842576e-01
9.847082992754543351e-01
9.852410558099083948e-01
9.858810819598653463e-01
9.861144141000619534e-01
9.863071056170884532e-01
9.865448784980890284e-01
9.865476461757226589e-01
9.869586415023774428e-01
9.879427396078683810e-01
9.883829285434462264e-01
9.885116136814598997e-01
9.891929793668114979e-01
9.892297304946963132e-01
9.897219783982580399e-01
9.897978460778603660e-01
9.900393921524869301e-01
9.900875298882804154e-01
9.902257111611079132e-01
9.902921439860481456e-01
9.903763935578757671e-01
9.907781490987980222e-01
9.908812072847352770e-01
9.912910419092665348e-01
9.922874647740161924e-01
9.924471995102532862e-01
9.925035473163388300e-01
9.928064422081913643e-01
9.931722486221939983e-01
9.934101184520975902e-01
9.934853586873106934e-01
9.935413082386850281e-01
9.936339032959516926e-01
9.939666632134713797e-01
9.943402221834546362e-01
9.949676314386510789e-01
9.950300275755423751e-01
9.951304996902190503e-01
9.967096608045729056e-01
9.971071678003030625e-01
9.973287118041938015e-01
9.975486369135111442e-01
9.975981770342606803e-01
9.977013709390443186e-01
9.985986311476453547e-01
9.989893850106504880e-01
9.989914414300972156e-01
9.990613414440113749e-01
9.996311971643009331e-01
9.996617407259822397e-01
1.000393242655690074e+00
1.000578155666019819e+00
1.000763074587685209e+00
1.000840242717032202e+00
1.000842734041392790e+00
1.000880782827461069e+00
1.000972421355218245e+00
1.001305087869872823e+00
1.001431023192306702e+00
1.001674893697550806e+00
1.001700358370787969e+00
1.001879385957574531e+00
1.002229727836535078e+00
1.002236253900172791e+00
1.002606840023870349e+00
1.004349962152678355e+00
1.004416660399874539e+00
1.004511593834400918e+00
1.004522245708051598e+00
1.004688421102611251e+00
1.005463272385904716e+00
1.005515475415100557e+00
1.005599630511014642e+00
1.005611674947713086e+00
1.006228554665964392e+00
1.006414331338544077e+00
1.007061246895671447e+00
1.007323828062062443e+00
1.007560564551083671e+00
1.007785925027467444e+00
1.007790728387178092e+00
1.007819486881931459e+00
1.008096650164421293e+00
1.008156974918058779e+00
1.008255475864001882e+00
1.008925897901288726e+00
1.009350416536936690e+00
1.009829887806329873e+00
1.010152849108577611e+00
1.010479570547967887e+00
1.011478168756141383e+00
1.011906870488723520e+00
1.012390054526898897e+00
1.012583871605025498e+00
1.013116203668892323e+00
1.013471370526576543e+00
1.013798943924781426e+00
1.014497261221811053e+00
1.014502965897247311e+00
1.014618751918688444e+00
1.014683829146381555e+00
1.015267828768602332e+00
1.015474962025806338e+00
1.015834130214461117e+00
1.016055975528430189e+00
1.016849644947230402e+00
1.016893685828634153e+00
1.017197711020476403e+00
1.017793575131869632e+00
1.018218651689484666e+00
1.018265653182437669e+00
1.018578883955228553e+00
1.018945939445624393e+00
1.019165505099372426e+00
1.019407887412810743e+00
1.019874794570572840e+00
1.019996651050370184e+00
1.020215943277271720e+00
1.020271542427699352e+00
1.020285201743360348e+00
1.020526908749878725e+00
1.020748542644164925e+00
1.020860914164159805e+00
1.021467307291292981e+00
1.021706325650191483e+00
1.021895903642387582e+00
1.022504583015429569e+00
1.023107811899386155e+00
1.023641667774391584e+00
1.023681764893399571e+00
1.023964107918140742e+00
1.024068941128404298e+00
1.024097209119547269e+00
1.024365588125114801e+00
1.024473510980881130e+00
1.024759274680824950e+00
1.024800468121985997e+00
1.025006032241480902e+00
1.025057111785794506e+00
1.025518076705834947e+00
1.026131593380915641e+00
1.026352195681062840e+00
1.027212030313459534e+00
1.027480405336842484e+00
1.027684767785963738e+00
1.028134544921505578e+00
1.028327572386053435e+00
1.028430939746459272e+00
1.028484337283747552e+00
1.028753330498541230e+00
1.028771823066330970e+00
1.029805813745225063e+00
1.030227434189151525e+00
1.030389011708139346e+00
1.030444614461553776e+00
1.030493609333402283e+00
1.030719512851792752e+00
1.030941330770164255e+00
1.031376602987523539e+00
1.032099316195508987e+00
1.032898709711906227e+00
1.033269209042641412e+00
1.033289498475073342e+00
1.033460622237043047e+00
1.033992873165242354e+00
1.034004087383955328e+00
1.034339033874833058e+00
1.034473994214435422e+00
1.034541374484579945e+00
1.034615944929007325e+00
1.034689995124806527e+00
1.035250892009914381e+00
1.035464271960720772e+00
1.035545682079098473e+00
1.035561177636940222e+00
1.035594745709342845e+00
1.035906056846273682e+00
1.036123997584714074e+00
1.036310049917530396e+00
1.036374211017277780e+00
1.036419945595344894e+00
1.036429646482250444e+00
1.037370921745959018e+00
1.038339960841778487e+00
1.038994733256132674e+00
1.039597359640727525e+00
1.039608540463012210e+00
1.039966726546824649e+00
1.040436961755746070e+00
1.041061733097391917e+00
1.041137642086094051e+00
1.042300363452543621e+00
1.042613336386286838e+00
1.042700420607969303e+00
1.043121809222373297e+00
1.043239295725279181e+00
1.043624993704987070e+00
1.045205647086183909e+00
1.045692186109883570e+00
1.045704036815780835e+00
1.046678143215491019e+00
1.046866678899656788e+00
1.047105197333330739e+00
1.047346742675931086e+00
1.049175630954293670e+00
1.049229596046857393e+00
1.049636168911270095e+00
1.049727729195159887e+00
1.050166846089569672e+00
1.050358928698098993e+00
1.050431979923666326e+00
1.050574915984036295e+00
1.050704883166210246e+00
1.050864282657431703e+00
1.051065716973621056e+00
1.051176950035033864e+00
1.051624227568826342e+00
1.051787947556573899e+00
1.051796360984903478e+00
1.052219328898263528e+00
1.053264773375033991e+00
1.053429917191821330e+00
1.053889704359284973e+00
1.054748529632391962e+00
1.055145071408874147e+00
1.055892337308086848e+00
1.055921813424339994e+00
1.056205556873546669e+00
1.056234018940392705e+00
1.056422607306777062e+00
1.056786402061080654e+00
1.056828055998228821e+00
1.056854962827689759e+00
1.056995099633945001e+00
1.057160712677839731e+00
1.057284761029502640e+00
1.058001092126008125e+00
1.058157139290250903e+00
1.058192484682049406e+00
1.058270324710771426e+00
1.058489292341921573e+00
1.058596115756673450e+00
1.060015031647230099e+00
1.060332922884979823e+00
1.060485312324569440e+00
1.060542522406489718e+00
1.060861180914442814e+00
1.061436467103378911e+00
1.061511975204613378e+00
1.061520972660189965e+00
1.061980823880445124e+00
1.062331822328249853e+00
1.062387478298658650e+00
1.062658815465436835e+00
1.062934845524084793e+00
1.063213165155025619e+00
1.063721231123138322e+00
1.063767332393260379e+00
1.063955057466686283e+00
1.064242776428165893e+00
1.064260059397561298e+00
1.064418488978047916e+00
1.064671835072917183e+00
1.065657236876412561e+00
1.065830811315252369e+00
1.066005454321366841e+00
1.066282936132565418e+00
1.066371160379247618e+00
1.066988064964343952e+00
1.067030683652038237e+00
1.067050733612783908e+00
1.067320186400417370e+00
1.067345272068977780e+00
1.067757251794911877e+00
1.068593355113352183e+00
1.069442523217740693e+00
1.069665342385210716e+00
1.070347929256532771e+00
1.070451322617149259e+00
1.070714537212531958e+00
1.070776121497049260e+00
1.071029704927143333e+00
1.072486758468844004e+00
1.072491017299962657e+00
1.072598163194778520e+00
1.072959505256784407e+00
1.073042727610336255e+00
1.073090438682474668e+00
1.073150549687150512e+00
1.073402410271651286e+00
1.073647856471944939e+00
1.073889245121403713e+00
1.074104901283601032e+00
1.074623016516144558e+00
1.074665787233850089e+00
1.075180242173438439e+00
1.075197422046620943e+00
1.075440815367668890e+00
1.075444345781735089e+00
1.075474684039085638e+00
1.075615962411530901e+00
1.075874454641218447e+00
1.075880112697085833e+00
1.076329066225774955e+00
1.076390121750193662e+00
1.077862504931467402e+00
1.078471754242066538e+00
1.078628383447739036e+00
1.078689154622982871e+00
1.080089726977367048e+00
1.080339132092682952e+00
1.080637195443572507e+00
1.081055500352726018e+00
1.082532898007399380e+00
1.082964036872631208e+00
1.083264790035087133e+00
1.083429802512270390e+00
1.084956429557715207e+00
1.085047676137644634e+00
1.085813313886581311e+00
1.085936169972903320e+00
1.086269698955423690e+00
1.086405910303897659e+00
1.086413109394299026e+00
1.086560460910403814e+00
1.086604136271742460e+00
1.086890784183578651e+00
1.087030937319843016e+00
1.087082826419270232e+00
1.087179062312028099e+00
1.087284360252576354e+00
1.087795042192779560e+00
1.088113141305509624e+00
1.088516003450332503e+00
1.088928383765744190e+00
1.089103536895395186e+00
1.089249124561025628e+00
1.089349489080565503e+00
1.089589754343197825e+00
1.089848804288414463e+00
1.090017152338494277e+00
1.090148691650823620e+00
1.090572275305642380e+00
1.091295249286307500e+00
1.091729050606323526e+00
1.091983486217019239e+00
1.092203171902581982e+00
1.092258297175056070e+00
1.092764536819116783e+00
1.093045637261140790e+00
1.093076489399426476e+00
1.093189967276890773e+00
1.094643567791846461e+00
1.094826067358142696e+00
1.094868969432129191e+00
1.095197177582153181e+00
1.096087043915289883e+00
1.096089912843620118e+00
1.096198269261011493e+00
1.096595254442103151e+00
1.097533876295161193e+00
1.097800876508891132e+00
1.097923953492714100e+00
1.098020395849256037e+00
1.098412158188420751e+00
1.098516044421227411e+00
1.098644113645305564e+00
1.099533069002197383e+00
1.099630727336509128e+00
1.099686213110402822e+00
1.099709440851539322e+00
1.099832781310259966e+00
1.100168625469149175e+00
1.100374737417955995e+00
1.100897709762401977e+00
1.101798902808846403e+00
1.102065108857479325e+00
1.102467386969339325e+00
1.102641247489740906e+00
1.103092264407959933e+00
1.103600708191744939e+00
1.103665832804600289e+00
1.103764973427917129e+00
1.104212327876367361e+00
1.104510773637652488e+00
1.105001382495082396e+00
1.105243084139651888e+00
1.105491499583043158e+00
1.105801681266614045e+00
1.105896137884622599e+00
1.106394147943766670e+00
1.106911476465224808e+00
1.106969543242881215e+00
1.107288556249794276e+00
1.107458446613712066e+00
1.107994095564651671e+00
1.108175880142387770e+00
1.108329396467889749e+00
1.108712667928979378e+00
1.109251363770950238e+00
1.109502414513455770e+00
1.109697033761992691e+00
1.110011171748998215e+00
1.110113667009316574e+00
1.110555089378359117e+00
1.110558366539198483e+00
1.111475934534265519e+00
1.111938333758360375e+00
1.112012360868979588e+00
1.112174781469328355e+00
1.112499993425858369e+00
1.113366014210913635e+00
1.113732102975609539e+00
1.113842563657480911e+00
1.115193415528823007e+00
1.115459108832062229e+00
1.115490823266171549e+00
1.115762152321190692e+00
1.115841019889468155e+00
1.117236126380382277e+00
1.117561761585663449e+00
1.118285210194418733e+00
1.118490761302146197e+00
1.118734073290685194e+00
1.118821576314561916e+00
1.119358349922226381e+00
1.119771166344569746e+00
1.120166450351272491e+00
1.120473662742323739e+00
1.120881196971504234e+00
1.121204365248518409e+00
1.122007127527341108e+00
1.122239216160439090e+00
1.122302741313352392e+00
1.122429404758379157e+00
1.122673303293283853e+00
1.122723335534302702e+00
1.122814235079935496e+00
1.122840971836720048e+00
1.122931652684863391e+00
1.123443578337399051e+00
1.123609817341531869e+00
1.123819588708836248e+00
1.124119835684098678e+00
1.125564434472511310e+00
1.126296372781407484e+00
1.126475411306697483e+00
1.126568923901232644e+00
1.127054478048060471e+00
1.127111413563985254e+00
1.127183556378111184e+00
1.127437982596418031e+00
1.127969625292942757e+00
1.128278088068683793e+00
1.128358379364101882e+00
1.128378327706020645e+00
1.128504087480982188e+00
1.129116662631576951e+00
1.129553127591705897e+00
1.129558236821360362e+00
1.129721643403471809e+00
1.130161385279962794e+00
1.130504204343131480e+00
1.130642010219217841e+00
1.131060871627383557e+00
1.131236491861355331e+00
1.131893270144662011e+00
1.132236272549407508e+00
1.132392787859364480e+00
1.132708204886387904e+00
1.133757227869167661e+00
1.133771330121244203e+00
1.134560188635452826e+00
1.134827332842919700e+00
1.135045595412288000e+00
1.136278102842653626e+00
1.136355058828493192e+00
1.136613923975796636e+00
1.136733838607882685e+00
1.138224091154827589e+00
1.138641254759478416e+00
1.139132578016590180e+00
1.139394388202156216e+00
1.139593396992891972e+00
1.139982577226209770e+00
1.140827113924968828e+00
1.141472366869429322e+00
1.141686053847107418e+00
1.141701128750113536e+00
1.141793924230527502e+00
1.142409566051197256e+00
1.143182752606697106e+00
1.143486582536213936e+00
1.143511493070151985e+00
1.144222025692756661e+00
1.144433892093387861e+00
1.144591847491190029e+00
1.144786178903473228e+00
1.145068911589274041e+00
1.145135002852357697e+00
1.145218743913181347e+00
1.145626436212514587e+00
1.145680646506096467e+00
1.146374480423369757e+00
1.146805680966230812e+00
1.147843580483055570e+00
1.148271334014235201e+00
1.148830179865980794e+00
1.149010915160153745e+00
1.149052665684689556e+00
1.149638708225936279e+00
1.149652330961431490e+00
1.149720671441693876e+00
1.150581508506006490e+00
1.150653722559728420e+00
1.151088426044138080e+00
1.151214540194499536e+00
1.151304906637631298e+00
1.151452891310925875e+00
1.151564962075341647e+00
1.151719716119047110e+00
1.151729599084108990e+00
1.152040473392445197e+00
1.152356936102496121e+00
1.152994719974173243e+00
1.153098889760387769e+00
1.153487552051069454e+00
1.153727563807959378e+00
1.153759576150150679e+00
1.153864250313254125e+00
1.154183998673395051e+00
1.155616233435648788e+00
1.156215171057986213e+00
1.156461711518250279e+00
1.156719381182483186e+00
1.157069830357170703e+00
1.157389800854037532e+00
1.157577570142832357e+00
1.158227694412237607e+00
1.158644582977920612e+00
1.158763980565308493e+00
1.159074393498100486e+00
1.159511696699554895e+00
1.159516923864869709e+00
1.160378411447711366e+00
1.160389565325281369e+00
1.161103630873105752e+00
1.161250341551503196e+00
1.161544460630637987e+00
1.161742618938230054e+00
1.161809294006560522e+00
1.162012322157264910e+00
1.162016524866051892e+00
1.163710823735711886e+00
1.164517108280878066e+00
1.164533318149299390e+00
1.165122459009162226e+00
1.165347365358148313e+00
1.165396999039857828e+00
1.165643007671122389e+00
1.166530703141236636e+00
1.166688712069880118e+00
1.166732864689522975e+00
1.166806063485429812e+00
1.167323182873200249e+00
1.167965872091311974e+00
1.168046219629074844e+00
1.168913300206633421e+00
1.169040484028587956e+00
1.169203179313917706e+00
1.169316394629362765e+00
1.169366522540771447e+00
1.169604456425670902e+00
1.169695265620254832e+00
1.170260521245634511e+00
1.170909470133379759e+00
1.171434936540350469e+00
1.171510408435451067e+00
1.171765670380521041e+00
1.171886422036808817e+00
1.171929538460546594e+00
1.172238140817225327e+00
1.172262202269179765e+00
1.173032608471362703e+00
1.173699673542148547e+00
1.174059733178848930e+00
1.174144180782412450e+00
1.174924919816840108e+00
1.175213803171625271e+00
1.175236490198932282e+00
1.176634214839096471e+00
1.177406432081213872e+00
1.177723414042721961e+00
1.177878060661220250e+00
1.178126623329545986e+00
1.178363867282387512e+00
1.178377665277582587e+00
1.178639128768255606e+00
1.178790126733123333e+00
1.179117737805153832e+00
1.179621374500825270e+00
1.179997369653936312e+00
1.180011056211975884e+00
1.180121308430801319e+00
1.180898476948302189e+00
1.182374544213065759e+00
1.182776950107879754e+00
1.182962602949052089e+00
1.183253580120044557e+00
1.183529246681939373e+00
1.183980821532379935e+00
1.184110384502099045e+00
1.184669739345150186e+00
1.184711532927744448e+00
1.184744157189024927e+00
1.184792534756281102e+00
1.185534041108408543e+00
1.186240109478652105e+00
1.186587019489803829e+00
1.187611521498148637e+00
1.188482023442211544e+00
1.188623702582481512e+00
1.189486670296700854e+00
1.190927914571140889e+00
1.191866290694599151e+00
1.192295170594402043e+00
1.193224824786313532e+00
1.195963932842730504e+00
1.196053405992045793e+00
1.196712613771393485e+00
1.197898140780889298e+00
1.198113616497778144e+00
1.198181410461432339e+00
1.198832044200637936e+00
1.198895563871419156e+00
1.199288458013636260e+00
1.199497408690984201e+00
1.200502326281529086e+00
1.200585456258978390e+00
1.200613658643760795e+00
1.201050505997873996e+00
1.201168051638802581e+00
1.201293228883033137e+00
1.201308424402068642e+00
1.201309393144893489e+00
1.201400068904353802e+00
1.201439225754724616e+00
1.201561183638376162e+00
1.201736061063742644e+00
1.203008827873049080e+00
1.203114849851472989e+00
1.203668278358524413e+00
1.203907225248100676e+00
1.203932637410274564e+00
1.204369491533518577e+00
1.204642031933649493e+00
1.204674741313272124e+00
1.205270970082482407e+00
1.207363901414884699e+00
1.207833406459762671e+00
1.209215688861383420e+00
1.209291949141283240e+00
1.209959398597053370e+00
1.210422174151532415e+00
1.210682346583749736e+00
1.211320137791544571e+00
1.211476226132778056e+00
1.212680643158389415e+00
1.213696920771596188e+00
1.214767564832553104e+00
1.215212217368891956e+00
1.215487576083895238e+00
1.215616224782620991e+00
1.215641584920171825e+00
1.215889334841388170e+00
1.215971024408298851e+00
1.217269683884317111e+00
1.217975424857454358e+00
1.218225869277048456e+00
1.218296062748279507e+00
1.218364539563904669e+00
1.218762323044597640e+00
1.219818205951256118e+00
1.220115935210546843e+00
1.220397184894776110e+00
1.220477744161613920e+00
1.220515000557065077e+00
1.221588004313849840e+00
1.222015319370467479e+00
1.222373750797775882e+00
1.222508532362628575e+00
1.222552388364716025e+00
1.222617842015541578e+00
1.223083535324092752e+00
1.223448655829812770e+00
1.224669755714806740e+00
1.224743109454081713e+00
1.226182768281588009e+00
1.226303207311918442e+00
1.226768436334902734e+00
1.226885598776676467e+00
1.227179238847722287e+00
1.227272129935267797e+00
1.227725031962971558e+00
1.228959204629947344e+00
1.229027840913245573e+00
1.229480997050378832e+00
1.229966221208098620e+00
1.230307043982870052e+00
1.230336687198689605e+00
1.230682781649253821e+00
1.231164807003091832e+00
1.231352244802161211e+00
1.232640477175799276e+00
1.233225924269926388e+00
1.233230818560404174e+00
1.233236758765535734e+00
1.233392601271705358e+00
1.233825893923299111e+00
1.233835162476224934e+00
1.234273488412716890e+00
1.234752107137333965e+00
1.234915567303322081e+00
1.235300229862011046e+00
1.235663983237852870e+00
1.236540139874026778e+00
1.238164826367023741e+00
1.238804566239030791e+00
1.238862848504740155e+00
1.239519945401338585e+00
1.240068717650375740e+00
1.240451657680017528e+00
1.241374661290275627e+00
1.241377833902533201e+00
1.241726321669315292e+00
1.241964685421230730e+00
1.242254163634642472e+00
1.243002154587576236e+00
1.243313756735935582e+00
1.243489285509101983e+00
1.243855307478900274e+00
1.244108371918585254e+00
1.244264096913826334e+00
1.244807263993938484e+00
1.245880457857666546e+00
1.246000222704205518e+00
1.246312001372549050e+00
1.247095593363277688e+00
1.247545245564287919e+00
1.247804234830786951e+00
1.247973315198956046e+00
1.248445095864623156e+00
1.248765048502085806e+00
1.249065628795680505e+00
1.249958701494571889e+00
1.251359429756045083e+00
1.252263324318063864e+00
1.252594432779652989e+00
1.253035057450745837e+00
1.253577225090982683e+00
1.253698736181268369e+00
1.255358480351506101e+00
1.255764996365055897e+00
1.256385266462518802e+00
1.256683649900674826e+00
1.256788565593437657e+00
1.256896306620571391e+00
1.256900428942649306e+00
1.258153550932815001e+00
1.258525942346602866e+00
1.259559018780283202e+00
1.259916190740449027e+00
1.260307284284333251e+00
1.260724206210778409e+00
1.261141256653938170e+00
1.261759689336111379e+00
1.261901204128197174e+00
1.262425227253674898e+00
1.263204176718409233e+00
1.263673325685954918e+00
1.264500476436605902e+00
1.265509518148457468e+00
1.265672040387869179e+00
1.266172756459274185e+00
1.266748002003862617e+00
1.266762416893842724e+00
1.266794468830843901e+00
1.267354597197854371e+00
1.268101222173566356e+00
1.268720137676107251e+00
1.268962360165005743e+00
1.268997694765464423e+00
1.269336988764135032e+00
1.270238490183226432e+00
1.271033098944585271e+00
1.271585881889987002e+00
1.271649470748689170e+00
1.272182989409908371e+00
1.272606823420825872e+00
1.272638334143191274e+00
1.272828624262972941e+00
1.273456991398007609e+00
1.273560738028037154e+00
1.273578790321437726e+00
1.273913854469252094e+00
1.274280731457524407e+00
1.274311828387347356e+00
1.274380597879130272e+00
1.274599719496698258e+00
1.274742046027730558e+00
1.274844913473976105e+00
1.275428532247916191e+00
1.276297737443160329e+00
1.276532711951841703e+00
1.276718828280607010e+00
1.276980797008836932e+00
1.277741392006134902e+00
1.277929279075048052e+00
1.278414989346552399e+00
1.278608532519018626e+00
1.279289462737021710e+00
1.279424095687073271e+00
1.279594753365060456e+00
1.279748357075144893e+00
1.279777357360119217e+00
1.280706210010151835e+00
1.281246579993067458e+00
1.281390384907534319e+00
1.281560120772300193e+00
1.282514733457959188e+00
1.282890661390477582e+00
1.283418620023612622e+00
1.285160826464160078e+00
1.285568361863690168e+00
1.286142810511067491e+00
1.286281489374557774e+00
1.286785230873932484e+00
1.286913436782291198e+00
1.286969605998450339e+00
1.287667603897433954e+00
1.288074615610018459e+00
1.288389225486202827e+00
1.288786693747485446e+00
1.288882113883129676e+00
1.289516774041873814e+00
1.289522348833797238e+00
1.289824918752867422e+00
1.290892670320650470e+00
1.291404244372844401e+00
1.291934491254278505e+00
1.292119934642672163e+00
1.292801536115532723e+00
1.292938936195089150e+00
1.293176718823103144e+00
1.293557319496664970e+00
1.295485147552690064e+00
1.296395008130389659e+00
1.297025915786382821e+00
1.297312148669310217e+00
1.297502507697280594e+00
1.297641543956101762e+00
1.298139397477018342e+00
1.298578521103876726e+00
1.298700998668237183e+00
1.298970548251255019e+00
1.299179449505684980e+00
1.299278372650359170e+00
1.299371447372270172e+00
1.299441194693661927e+00
1.299513361573564785e+00
1.299658200443075895e+00
1.299904496580482238e+00
1.300179188759550852e+00
1.300239982796379978e+00
1.301182489364708816e+00
1.301395603938994894e+00
1.301780669670942192e+00
1.301937971137585359e+00
1.302428986354579266e+00
1.302468715812395095e+00
1.302489278132942019e+00
1.302961271124886355e+00
1.303316739584686079e+00
1.303336469327671665e+00
1.303924910378452928e+00
1.304351340238303125e+00
1.304596699497929002e+00
1.305058691629175982e+00
1.305712805005695198e+00
1.305917370343312678e+00
1.306677885033888709e+00
1.306841804439150101e+00
1.307468315174805662e+00
1.307645652601790776e+00
1.307775106936464704e+00
1.308422070188630215e+00
1.308450829658359238e+00
1.308581685518474647e+00
1.309030545405001522e+00
1.309047141423373306e+00
1.309730431647837756e+00
1.310193323268226129e+00
1.310221626440686959e+00
1.310829759184699128e+00
1.310898038505516006e+00
1.310979852269025914e+00
1.311066129899561172e+00
1.311159696023966870e+00
1.311642264400266766e+00
1.312132818807212775e+00
1.312238251863480309e+00
1.313147172453453138e+00
1.313515729113202912e+00
1.313598405091946031e+00
1.313957568780290242e+00
1.314262042283715459e+00
1.314812010487574678e+00
1.315294073215137027e+00
1.315796189747666212e+00
1.315891878455698549e+00
1.316035281546452884e+00
1.317424960628089226e+00
1.317619351005429928e+00
1.317773176994150308e+00
1.317802842793529994e+00
1.317819649005270044e+00
1.318002615042167758e+00
1.319204338321059655e+00
1.319330668547808783e+00
1.320094702356096050e+00
1.320405067126815934e+00
1.321198925158487691e+00
1.321226402547206469e+00
1.322075051650790423e+00
1.322433018567027219e+00
1.322542944808297705e+00
1.324385078964583684e+00
1.324539075607433336e+00
1.325246366482882188e+00
1.326363606111914839e+00
1.326475918347140848e+00
1.327307330830082011e+00
1.327446292072766765e+00
1.327757412606697773e+00
1.328412570002805326e+00
1.329502854303833637e+00
1.329634169768115992e+00
1.329683564731624967e+00
1.331298326169688684e+00
1.331315548874759003e+00
1.331351716637946048e+00
1.332665434037648255e+00
1.334105746272918447e+00
1.335697924323342889e+00
1.335721718987320061e+00
1.335813182847906067e+00
1.336277048119362654e+00
1.337166658403158515e+00
1.337379499714982156e+00
1.338196558945268011e+00
1.338566050273894081e+00
1.338957955177325188e+00
1.339134717299031774e+00
1.339205583105816499e+00
1.339354682487972070e+00
1.339590755476379735e+00
1.339658423298662582e+00
1.340227342395537979e+00
1.340535311842522059e+00
1.340883215405119122e+00
1.341987899836285525e+00
1.342189750830232731e+00
1.342396316598418737e+00
1.342547061097495664e+00
1.342816648765874143e+00
1.343610891885126390e+00
1.343764246499683068e+00
1.344938053028590152e+00
1.345155222457643296e+00
1.345488567219109699e+00
1.345757238549484924e+00
1.346123851941112504e+00
1.347252464256768922e+00
1.347265733268583121e+00
1.347526152268768262e+00
1.347640443221415740e+00
1.348012087505591428e+00
1.348510922747997665e+00
1.349208661849205182e+00
1.349242546545905697e+00
1.349507796700154749e+00
1.349566760764841833e+00
1.350812614137876677e+00
1.352286843488661905e+00
1.352656387903694579e+00
1.354072154290735464e+00
1.354867630332885042e+00
1.354887035569277476e+00
1.354978243031654817e+00
1.355036169968612647e+00
1.355415270622664092e+00
1.355708022837731619e+00
1.355924347207828840e+00
1.355991879531697197e+00
1.356880384454314692e+00
1.357591587636338248e+00
1.358243333845896350e+00
1.358291875337048094e+00
1.358540518855002599e+00
1.360085915572029958e+00
1.361637375876097344e+00
1.361934732063896147e+00
1.363442204411008385e+00
1.363887979499396330e+00
1.364124985074791407e+00
1.364488569161460996e+00
1.364817690899607028e+00
1.364858658182034334e+00
1.364970033543361438e+00
1.365270344189334129e+00
1.366002318101525281e+00
1.366781396377046987e+00
1.368126048850249132e+00
1.369078178242445709e+00
1.370111585090291406e+00
1.370866130420083095e+00
1.370931197782544464e+00
1.371412391790097551e+00
1.371579180160910294e+00
1.371735630445249710e+00
1.372322258837544107e+00
1.372406246185421619e+00
1.372657834228611762e+00
1.374094251538908296e+00
1.374611104253916638e+00
1.375060386957095870e+00
1.375675412930645658e+00
1.376636944295689613e+00
1.377233114452177887e+00
1.378313750746518407e+00
1.378527425516837157e+00
1.379284672658575017e+00
1.379295355445731674e+00
1.379436488757020962e+00
1.380405620963760960e+00
1.381093632010366612e+00
1.381127018199306722e+00
1.381567001827494590e+00
1.382180335237875646e+00
1.382411470186373448e+00
1.382862582158927545e+00
1.383435593756467519e+00
1.383495904925202247e+00
1.383553122284141290e+00
1.385605873517154141e+00
1.385886672486179583e+00
1.386941330823852070e+00
1.387657712432003532e+00
1.387970971006179832e+00
1.389409824642170221e+00
1.390239979611017418e+00
1.390317787045436848e+00
1.391961369248378766e+00
1.392326048540862837e+00
1.392763573067101968e+00
1.392877035295236210e+00
1.392907607704798156e+00
1.392975107592578699e+00
1.393238961682889299e+00
1.393657036531753102e+00
1.393673391297433284e+00
1.394759354939796081e+00
1.395319124734043736e+00
1.395445071118645242e+00
1.395566133301525680e+00
1.396398924819834964e+00
1.398377638496341779e+00
1.398767041416905776e+00
1.399489414840088264e+00
1.399721142127141382e+00
1.400317929337006273e+00
1.400966904443846861e+00
1.402483312061094001e+00
1.402787842266431273e+00
1.403495367045207276e+00
1.405308416425072870e+00
1.406395563823713779e+00
1.407042615234036509e+00
1.407222085343807549e+00
1.407752277957327491e+00
1.408564586296207288e+00
1.409672628677872908e+00
1.409999673357259731e+00
1.410169441978362137e+00
1.410390888570285606e+00
1.410905161503962724e+00
1.411166991571326745e+00
1.411933490963257265e+00
1.412012920585984821e+00
1.413018942116987864e+00
1.414656865239237282e+00
1.417660679997101436e+00
1.417729080612378567e+00
1.417924890064214072e+00
1.418389261230652121e+00
1.418761556079988884e+00
1.418884502514418111e+00
1.419008176538142818e+00
1.419424957109548746e+00
1.419473754784768449e+00
1.420559933853885903e+00
1.420730402011247007e+00
1.421138747366760713e+00
1.421245073529898928e+00
1.421682922228625578e+00
1.422225806420614358e+00
1.424645792750341977e+00
1.425499733626509613e+00
1.425556856437610431e+00
1.427597437504687594e+00
1.427637034959897688e+00
1.428017282649344910e+00
1.428561687904542410e+00
1.429367461129316785e+00
1.429532779982641832e+00
1.430161599381551296e+00
1.430683551644792439e+00
1.431534122107531948e+00
1.432531017515458416e+00
1.432602147939809001e+00
1.432666302728783592e+00
1.433295964026764846e+00
1.433922808832667872e+00
1.434649878191510464e+00
1.435078731868008939e+00
1.435985723608973474e+00
1.436553860481034395e+00
1.436665831950889594e+00
1.436688770079197264e+00
1.439858569493112972e+00
1.440729219866274224e+00
1.441185279211885550e+00
1.441679611921480975e+00
1.443059194631204578e+00
1.444756427806645593e+00
1.445963768982863051e+00
1.447216818871980504e+00
1.447746948409828205e+00
1.447835319747733163e+00
1.449516905043730208e+00
1.449745528739026401e+00
1.450342289265192708e+00
1.451231570180931962e+00
1.451686410281949113e+00
1.452467549895047005e+00
1.453627578849995716e+00
1.453698480947428484e+00
1.453992332935579279e+00
1.454106035946996389e+00
1.454126919321145017e+00
1.454966787530100447e+00
1.455544743653305773e+00
1.456646032433925431e+00
1.456963993277137881e+00
1.457133945633497296e+00
1.457169404673657187e+00
1.457974937697276596e+00
1.458042916752660956e+00
1.458507030869431897e+00
1.459239093051929226e+00
1.460515073895912064e+00
1.461236388337480818e+00
1.462213769907869665e+00
1.462473144657702839e+00
1.463204662423192914e+00
1.463633089279103405e+00
1.463739170007921198e+00
1.463819207702306224e+00
1.463854577056383555e+00
1.463902475883633647e+00
1.464282664800905520e+00
1.464550973230847264e+00
1.465281111211080844e+00
1.465435649972572474e+00
1.465621400451578182e+00
1.466894075242338058e+00
1.468982155206542739e+00
1.469141689811820140e+00
1.469222315084189434e+00
1.469506130226201801e+00
1.469803319242209305e+00
1.471795361752797238e+00
1.472656981509386842e+00
1.475167965142221593e+00
1.475918528477789815e+00
1.476445468504728797e+00
1.476541513392504834e+00
1.477237479611143822e+00
1.479556375139128299e+00
1.481251481418721649e+00
1.482777191518191984e+00
1.482791957360506618e+00
1.483438578237543659e+00
1.484410235920738730e+00
1.485005262463898745e+00
1.485068443532620241e+00
1.485566409103961316e+00
1.487455501389638890e+00
1.488055264939830868e+00
1.488294403721666992e+00
1.488675048575606397e+00
1.489408557930622434e+00
1.489746930899621846e+00
1.490767179951483001e+00
1.491878415094060495e+00
1.491888770021953858e+00
1.492415332038627973e+00
1.493385680110237645e+00
1.493751344380020996e+00
1.493765331827633602e+00
1.493949091667311491e+00
1.494582547733084299e+00
1.495180125223576351e+00
1.497210839257323567e+00
1.498519650466502151e+00
1.498760383213922021e+00
1.499239644600464771e+00
1.499343503547384548e+00
1.499637746906085978e+00
1.500354421760084822e+00
1.500638444534967197e+00
1.500851324497009420e+00
1.501076777718816979e+00
1.501775542308308342e+00
1.503095975440418730e+00
1.503294847760022535e+00
1.504049082048048103e+00
1.504068847100277218e+00
1.505179291456323565e+00
1.505237426642580534e+00
1.505422994825319938e+00
1.506075108494135062e+00
1.508260287842933645e+00
1.508804422566756953e+00
1.509184063694258393e+00
1.509319359286574569e+00
1.509567544144262197e+00
1.510904055678875091e+00
1.512802304388149777e+00
1.513748312852694733e+00
1.514357928078349902e+00
1.514488908999382710e+00
1.514531388573575166e+00
1.514776847441362095e+00
1.514912589337275683e+00
1.515568325236573033e+00
1.516102802933693372e+00
1.516441009317277100e+00
1.516548600394606927e+00
1.517067273912245273e+00
1.517332152848140714e+00
1.517376782626995935e+00
1.518024757077774956e+00
1.518120848263907474e+00
1.519226164957047098e+00
1.519439437006854687e+00
1.520799512795072195e+00
1.522602872351880077e+00
1.522795908531253906e+00
1.523416528629701450e+00
1.524143536585891301e+00
1.524520489730084583e+00
1.524681907780053525e+00
1.526862550775224703e+00
1.527199693681755344e+00
1.527881113845181105e+00
1.528295008409250588e+00
1.528368791669898474e+00
1.529303766407424936e+00
1.529566274353065136e+00
1.530557257567451535e+00
1.530626600823536743e+00
1.530972442889297014e+00
1.531079418280340443e+00
1.531547188382728075e+00
1.531827840121626094e+00
1.531922293398938262e+00
1.531933621914946198e+00
1.532446648330743733e+00
1.532674299175084576e+00
1.532718613969621391e+00
1.534824375610664315e+00
1.535321067236556480e+00
1.535869877662500604e+00
1.536729374373255519e+00
1.536753911445732479e+00
1.537036415320084837e+00
1.537872407179829537e+00
1.537903089239272880e+00
1.539356990462526165e+00
1.539471747568884608e+00
1.539807651598976923e+00
1.539997438259269158e+00
1.541983288941078056e+00
1.542179239969368343e+00
1.542845090491733240e+00
1.543742220953327804e+00
1.543981206137289730e+00
1.544181073137908866e+00
1.545425980274616196e+00
1.545983566451136326e+00
1.546647158311461601e+00
1.546800840075756911e+00
1.547242513859393265e+00
1.548452586821307930e+00
1.548600066593754043e+00
1.549604009143039196e+00
1.550870046020438542e+00
1.550953120449404921e+00
1.551220229565649422e+00
1.551826841502872423e+00
1.551889757252025159e+00
1.552982440284242260e+00
1.553977140252055689e+00
1.554993137251144519e+00
1.555192824077467284e+00
1.555956479256627167e+00
1.558058651509932613e+00
1.558506576583670755e+00
1.558805885376102207e+00
1.561301786308080031e+00
1.562079972562496311e+00
1.562080693002480425e+00
1.562270640495355245e+00
1.562856128376464371e+00
1.564113903415047080e+00
1.564276791828482560e+00
1.564919554368304544e+00
1.564941479885476383e+00
1.564944742073562933e+00
1.565278199920600466e+00
1.566986783850519815e+00
1.568512020653321848e+00
1.568831208941362743e+00
1.569006343076027932e+00
1.569967889478679268e+00
1.570512314099069773e+00
1.571830452657041022e+00
1.571883536790443125e+00
1.572477053096076105e+00
1.573832121121565120e+00
1.574894894032799364e+00
1.574970717540152831e+00
1.578384480420633063e+00
1.578839645379525258e+00
1.579868033987448461e+00
1.580934300778687795e+00
1.581787856995198860e+00
1.582155982736018096e+00
1.582991486051547270e+00
1.583395717846613371e+00
1.587130295062358476e+00
1.589024973721804956e+00
1.590130807233885779e+00
1.590173433467135800e+00
1.590221029089831983e+00
1.591133415582455468e+00
1.591833957639378072e+00
1.592282325144447785e+00
1.593634852325453988e+00
1.594389993468129818e+00
1.595251949019039328e+00
1.595707194079967195e+00
1.595767564857718313e+00
1.596232026517369507e+00
1.596536762420259103e+00
1.597361601125103503e+00
1.597673937167171543e+00
1.599426733232380826e+00
1.599627033022086531e+00
1.599971764287866138e+00
1.599975528806814484e+00
1.601248407858233191e+00
1.601311571610251283e+00
1.601921462084647585e+00
1.602259258882097415e+00
1.603937123803877318e+00
1.604772937850284187e+00
1.604855170709688750e+00
1.605752323611235877e+00
1.606038260210169488e+00
1.607507789346690252e+00
1.607960907319966326e+00
1.609287503949293763e+00
1.610072330232355187e+00
1.613255710131579646e+00
1.615958559255091131e+00
1.616343328012538993e+00
1.616853680097140034e+00
1.618766057547075032e+00
1.619283258652043367e+00
1.619466507013334056e+00
1.619878754934977794e+00
1.619985280350198176e+00
1.620488567583107553e+00
1.620520202354680306e+00
1.620622147844036132e+00
1.620878730563642733e+00
1.620990667360050930e+00
1.621379782429203775e+00
1.622600972114025986e+00
1.622987224698708708e+00
1.623446709503108210e+00
1.624174997664268982e+00
1.626831638623605247e+00
1.626965620669341694e+00
1.628484196856372579e+00
1.629210813740066266e+00
1.629724432684480195e+00
1.629762250746823238e+00
1.629896193522380798e+00
1.630018753280260357e+00
1.630837812277855514e+00
1.631174847406409611e+00
1.632978037747965461e+00
1.633017773082122481e+00
1.633660327256096778e+00
1.635410494306434037e+00
1.635946790926830818e+00
1.638308583052899614e+00
1.638661545286462795e+00
1.639793086356252649e+00
1.640370167164370230e+00
1.640923045249589540e+00
1.643279968016718939e+00
1.644632623431751872e+00
1.644872847700653784e+00
1.645763859218076997e+00
1.646358767314059612e+00
1.647584006257153844e+00
1.650859422944217503e+00
1.651856259027169260e+00
1.657197310317812811e+00
1.658119781240530166e+00
1.658238486540362544e+00
1.658379874279160004e+00
1.658649530963686169e+00
1.658882802816327162e+00
1.658941743950665737e+00
1.659026541883958039e+00
1.659321253809185270e+00
1.660076072666711644e+00
1.661858516264809182e+00
1.662147439744146915e+00
1.662382391130797998e+00
1.663226426351024134e+00
1.664133843992051887e+00
1.664899167765779620e+00
1.665880673610141693e+00
1.666147018262575275e+00
1.666348729843930787e+00
1.667803187471164073e+00
1.668732739378988583e+00
1.669788780900444802e+00
1.671021926676613534e+00
1.673011965052387806e+00
1.673781369468872571e+00
1.674071344402451533e+00
1.674702276735157813e+00
1.675631046280721126e+00
1.676434844610678931e+00
1.677168341557089493e+00
1.679373734810504670e+00
1.679619061996924900e+00
1.679710778853823916e+00
1.679852996821812328e+00
1.680694135075184059e+00
1.683627667777568115e+00
1.683778761931796319e+00
1.684109745539046354e+00
1.684506673242324615e+00
1.686548836402120610e+00
1.686910839165735698e+00
1.689153618915655963e+00
1.689556508690196912e+00
1.689580158970518386e+00
1.691577218014671535e+00
1.693442649170849190e+00
1.693958250780914554e+00
1.694865328584147290e+00
1.695073033550909658e+00
1.695418044724420259e+00
1.696500506518274776e+00
1.697348577262979719e+00
1.697966493467163662e+00
1.700633105209337081e+00
1.700749992179716674e+00
1.701045494949905423e+00
1.701818174884087931e+00
1.703041701601951230e+00
1.703776725609740472e+00
1.705696200636526605e+00
1.705749786039752580e+00
1.706541410414017523e+00
1.707445197439017903e+00
1.707513571817560916e+00
1.707817646149126789e+00
1.709317278314618882e+00
1.711336415202348693e+00
1.712394608606473856e+00
1.712587144154634533e+00
1.713110040982149807e+00
1.713711522399330223e+00
1.715919410619140884e+00
1.719571555282508379e+00
1.719813786377417220e+00
1.721424789629925511e+00
1.722055607892266194e+00
1.722641686036279651e+00
1.723048520498606795e+00
1.725501281841331558e+00
1.726491026790628380e+00
1.726589861915930779e+00
1.727073684936537346e+00
1.727080803391854769e+00
1.728833517891984917e+00
1.729297874780611588e+00
1.730115234119753875e+00
1.730173852647979960e+00
1.730928963303847601e+00
1.731359197364164215e+00
1.731445096578690945e+00
1.732587927710249387e+00
1.732642073174946784e+00
1.732736291886955993e+00
1.733948082612654984e+00
1.734429018733915306e+00
1.734708581389487581e+00
1.734873346453961629e+00
1.736243055581715877e+00
1.736898393655544881e+00
1.737296457266376049e+00
1.737777437188489760e+00
1.738220017721902710e+00
1.739904779957111236e+00
1.740098094521290717e+00
1.740314297028156210e+00
1.741376370631773973e+00
1.742368763672174969e+00
1.744315411836555141e+00
1.745329559129551233e+00
1.747024569935161420e+00
1.747178962140003344e+00
1.747229100268654634e+00
1.748231203929824007e+00
1.748906317606752969e+00
1.749004699382628258e+00
1.749602573240643943e+00
1.750903493934154787e+00
1.752081890542632747e+00
1.752909634330518385e+00
1.753536623897405056e+00
1.753805506001273162e+00
1.754637576361263829e+00
1.756315005371942295e+00
1.757950608100089740e+00
1.758563111759962272e+00
1.759618293817403423e+00
1.760134156320978693e+00
1.763279138816975067e+00
1.767188692268615524e+00
1.767295771728716991e+00
1.767300191034782308e+00
1.767469237771214452e+00
1.768277041226965496e+00
1.769522733277830717e+00
1.770529860040775727e+00
1.770882114176810074e+00
1.771705933128475019e+00
1.772752995850721103e+00
1.775183672675326507e+00
1.775287772566581657e+00
1.775591715838543250e+00
1.776682110000632253e+00
1.777279612608900328e+00
1.777470058379703843e+00
1.778506867111326439e+00
1.779260361805787394e+00
1.779343257574695025e+00
1.779613409082554609e+00
1.779652986994668007e+00
1.781789461315404832e+00
1.783564285325939913e+00
1.783759376578820000e+00
1.784060716174993955e+00
1.784206313463604143e+00
1.785013135204520651e+00
1.785785979899418896e+00
1.785799611902444406e+00
1.787128087882489336e+00
1.787975572653322187e+00
1.788876751570053658e+00
1.790889079071058321e+00
1.791902715341332053e+00
1.792446227183420060e+00
1.793012980882383145e+00
1.793889555380442147e+00
1.793934099699396656e+00
1.794824028747679323e+00
1.795293428849529027e+00
1.796736789279513413e+00
1.797029443470530286e+00
1.797649354942540523e+00
1.803450753679965990e+00
1.803828336990529912e+00
1.804017707203359189e+00
1.805311465256299819e+00
1.807117951146253176e+00
1.808489374458197352e+00
1.811050451750183532e+00
1.811990081367270689e+00
1.813579112383096881e+00
1.814605562938866656e+00
1.814774751344791603e+00
1.816231153863533843e+00
1.816762519518005492e+00
1.816965562595144856e+00
1.817612180513393128e+00
1.817879953346387190e+00
1.818276166566204166e+00
1.819733500072787669e+00
1.820680276210022042e+00
1.820840030756236017e+00
1.821142162919259677e+00
1.821890169937135040e+00
1.823042684193932228e+00
1.823311762800768898e+00
1.825643937266634209e+00
1.825776292407259804e+00
1.829861956818006341e+00
1.830727504462628552e+00
1.831136390840161221e+00
1.831256016002587250e+00
1.832308391118145474e+00
1.833210267796690385e+00
1.835957509814314603e+00
1.836695557860230643e+00
1.836907644042848009e+00
1.837724006276179267e+00
1.839147372508791678e+00
1.840973978561664115e+00
1.841877596044046550e+00
1.844235643448239426e+00
1.844265221864415993e+00
1.847000724561250307e+00
1.848588677674194436e+00
1.852359468650407681e+00
1.853129774269112406e+00
1.854625014235562919e+00
1.855442594448823979e+00
1.856981073146942940e+00
1.858178983248415905e+00
1.859394236464974703e+00
1.859997041638737025e+00
1.860269770456676630e+00
1.860872375195403050e+00
1.860911310530497742e+00
1.861236663988988571e+00
1.862187957734629418e+00
1.862408191764098664e+00
1.863443566688413489e+00
1.864270335249956778e+00
1.866001046643700478e+00
1.868195623010589834e+00
1.868962550706787518e+00
1.870047875237853319e+00
1.871077405905949620e+00
1.871448147748092872e+00
1.871474057193872165e+00
1.875114798940351601e+00
1.877290213041102884e+00
1.877753938511794285e+00
1.878830555426723503e+00
1.879737633230684768e+00
1.881324812873029106e+00
1.881650582472290001e+00
1.882259797595444484e+00
1.882341144291450385e+00
1.883576118808257371e+00
1.885073586314807592e+00
1.885539716152855094e+00
1.885758372689095408e+00
1.886424292180971962e+00
1.892062474463981125e+00
1.892920552195753281e+00
1.893069731922292220e+00
1.893899886349802886e+00
1.893991641643395063e+00
1.896479365975162201e+00
1.896508416012446352e+00
1.901704093363634662e+00
1.904078216030216097e+00
1.905667353726170132e+00
1.908511122881574762e+00
1.909610318733151679e+00
1.911033228637797787e+00
1.913042140810629732e+00
1.915172861054516229e+00
1.920125133694321473e+00
1.920183482019903520e+00
1.923175880445070929e+00
1.924339714550782787e+00
1.926073618978536128e+00
1.928415874622363191e+00
1.928784600734886334e+00
1.929536454875004026e+00
1.931622015449245167e+00
1.932178970496141623e+00
1.935363401946788908e+00
1.935689956866509798e+00
1.939448293605857465e+00
1.939872621814558773e+00
1.941508122832773298e+00
1.942386989127298458e+00
1.943661271115225908e+00
1.943684241178187388e+00
1.944327485578102310e+00
1.947819286976053998e+00
1.948151692894473985e+00
1.949620748025663763e+00
1.949901634695476060e+00
1.950064482655405440e+00
1.951580072864831372e+00
1.951601997734502492e+00
1.953380831653935168e+00
1.953806414365826027e+00
1.955917036549987609e+00
1.956808271910763564e+00
1.959257070880831009e+00
1.960283061291750339e+00
1.962062591562918401e+00
1.963486810841747587e+00
1.963877828535159020e+00
1.963899435283554595e+00
1.965243343407772070e+00
1.965358073118192106e+00
1.965689425581177652e+00
1.967879549398578121e+00
1.968550419540147756e+00
1.968624779183512974e+00
1.970339768616058196e+00
1.970370621602734351e+00
1.970794297013055418e+00
1.971171089528383158e+00
1.971566440701852940e+00
1.971651908226740746e+00
1.971959597110366058e+00
1.975321468096625122e+00
1.976373355597563553e+00
1.978949185250234777e+00
1.979000521622489073e+00
1.980422181046040064e+00
1.981057390408559105e+00
1.981230547839437417e+00
1.984059292356436188e+00
1.984545920719800183e+00
1.987731802184877106e+00
1.988401363039787650e+00
1.992227761106466266e+00
1.994712734808595345e+00
1.997534195504599319e+00
1.997762099668399349e+00
1.998612376841618410e+00
2.000028548042515286e+00
2.000309942154063325e+00
2.001967131300681046e+00
2.002000172634199604e+00
2.005568848708777718e+00
2.005588913968983089e+00
2.012946485135571173e+00
2.013221468781897450e+00
2.014066994278766565e+00
2.018838303833180081e+00
2.019626400822714274e+00
2.020673800809968501e+00
2.022154956311894569e+00
2.022886882694907573e+00
2.023347501376799862e+00
2.023757357782957289e+00
2.028468877690087879e+00
2.030958411023822574e+00
2.035723371024757089e+00
2.037345766384730528e+00
2.038695958269834740e+00
2.041826792573174565e+00
2.046753321974223105e+00
2.046936851988999440e+00
2.048974085369696940e+00
2.049233738685964479e+00
2.052267728436413918e+00
2.055590269453599017e+00
2.056616440298554505e+00
2.057050075269799994e+00
2.058146948665428688e+00
2.058787883044247646e+00
2.060339712411524804e+00
2.060516069858912669e+00
2.061973524657167545e+00
2.062209778193003551e+00
2.064924274852625086e+00
2.066625213068854272e+00
2.067236653890881293e+00
2.068695098488489315e+00
2.068861679528704034e+00
2.071960785629516355e+00
2.072387966864718045e+00
2.074173384718270619e+00
2.074686627209623602e+00
2.076161315021123333e+00
2.078933921566122223e+00
2.081854449633152804e+00
2.082417783415554169e+00
2.084752118275256638e+00
2.087978466145107959e+00
2.089617767379204238e+00
2.090032835832190461e+00
2.092223254036687852e+00
2.092562243571463920e+00
2.092684665207334316e+00
2.094962636547004209e+00
2.095635595266992723e+00
2.095766515346931147e+00
2.097441635807831162e+00
2.098088559554717403e+00
2.100084357908772237e+00
2.101880848188800499e+00
2.104151979544335305e+00
2.109269228771812887e+00
2.109675985094597195e+00
2.110465292925784109e+00
2.110609932745127981e+00
2.112060051122586213e+00
2.112283655772005719e+00
2.112365211820521615e+00
2.113810077729517456e+00
2.115561604514834659e+00
2.116533380529105557e+00
2.118570536548803673e+00
2.118778803094337526e+00
2.119151976381246083e+00
2.119806246405126160e+00
2.120787655659202020e+00
2.123117644820226246e+00
2.124800942806638560e+00
2.125135804146596641e+00
2.125805762008129651e+00
2.127863543353702980e+00
2.131203060711444497e+00
2.131591046923877908e+00
2.133416128118949207e+00
2.133695347946036769e+00
2.134865463264734586e+00
2.137383859155171262e+00
2.139127160262223271e+00
2.140711623832840971e+00
2.142148747944579767e+00
2.142437034863816869e+00
2.143516500761386556e+00
2.146267515234782319e+00
2.147945664250979547e+00
2.147984191258223596e+00
2.148623607533319380e+00
2.150614469128012463e+00
2.153674841513705918e+00
2.155192777361211398e+00
2.156539161700137708e+00
2.162139353643435680e+00
2.163714030272382516e+00
2.164138438706139311e+00
2.165656580545094911e+00
2.166500799435547187e+00
2.166727852125841736e+00
2.168362612439699522e+00
2.168744437715160345e+00
2.176357515021309474e+00
2.178417878087315351e+00
2.187620956324614063e+00
2.192704408889423640e+00
2.193572367584134764e+00
2.195174370355895022e+00
2.198497819106028484e+00
2.198775121243217168e+00
2.199028662725311278e+00
2.199738049690460162e+00
2.199875210801752523e+00
2.199907066702400105e+00
2.202379083878508226e+00
2.202748344821743309e+00
2.204068736503627335e+00
2.207224132908937264e+00
2.208191148436032147e+00
2.213424565127060539e+00
2.215835535307034032e+00
2.218039059079100817e+00
2.218421333493594272e+00
2.221939014913981936e+00
2.223826426267165868e+00
2.225940793557798614e+00
2.231393361711500045e+00
2.233051586997998772e+00
2.234936328875513301e+00
2.236664775917447390e+00
2.238476177121127453e+00
2.239895068176136927e+00
2.241329966381879757e+00
2.242202214510581104e+00
2.242896094401713558e+00
2.245964961906353530e+00
2.246929510893439730e+00
2.247915333889381362e+00
2.248405090403588602e+00
2.249004969630768791e+00
2.251475481544203294e+00
2.253120856390736559e+00
2.253625389856516836e+00
2.254072842629037954e+00
2.257494556043599054e+00
2.257946998389582127e+00
2.260188895048808710e+00
2.262196373470376276e+00
2.265888496904753691e+00
2.267300890927173906e+00
2.268528229943988173e+00
2.270059439148442326e+00
2.270590503387656778e+00
2.271527843021086124e+00
2.273060777021119971e+00
2.276948708496985940e+00
2.279196776700567639e+00
2.280563078607090510e+00
2.288175040839978358e+00
2.288184459318324482e+00
2.288418413864523604e+00
2.288540694646028495e+00
2.291804367757652283e+00
2.294288938240068187e+00
2.294708108247813794e+00
2.299067861540055713e+00
2.300328465344521067e+00
2.300536627292483427e+00
2.301017541258248311e+00
2.303717710016527143e+00
2.304907898875610428e+00
2.307429687524405804e+00
2.308995740897454407e+00
2.312292127889919335e+00
2.313856693932584196e+00
2.313948130665812730e+00
2.314043779136307322e+00
2.317073106691904805e+00
2.318833213078372424e+00
2.319495206522860453e+00
2.323778454403297555e+00
2.326684695308038009e+00
2.327482083678009683e+00
2.328134351898254906e+00
2.333021978433340582e+00
2.333183347506520899e+00
2.336429987389190721e+00
2.336805725893663865e+00
2.339172513289966560e+00
2.342121154021733265e+00
2.342677585379470795e+00
2.342870163078894841e+00
2.345186962626279570e+00
2.345503527359644291e+00
2.346210212983208088e+00
2.346468383968181470e+00
2.355585165838680162e+00
2.357330984402785212e+00
2.360040854894199569e+00
2.361706345266270546e+00
2.364726291019492610e+00
2.365236128315857389e+00
2.371245258246799548e+00
2.380346319462121940e+00
2.390307570635319401e+00
2.392818896315345167e+00
2.394698954260757517e+00
2.400747070369037228e+00
2.402995317092750049e+00
2.403518632235313035e+00
2.409859008466024743e+00
2.412058895483248033e+00
2.414040901969338737e+00
2.415590791310266550e+00
2.416068562827522026e+00
2.422099605111318610e+00
2.425539084915484978e+00
2.426929907907662720e+00
2.428016484133820541e+00
2.432664331851548400e+00
2.434751648240460753e+00
2.435576794795165867e+00
2.444275711673094875e+00
2.450205245952028044e+00
2.453886587562970512e+00
2.462745885799375589e+00
2.471818246258965956e+00
2.478944068854762151e+00
2.485585786772077643e+00
2.486522483454100652e+00
2.487089375800929592e+00
2.490027049741347476e+00
2.494300831610579472e+00
2.497053190264928446e+00
2.498897383086627233e+00
2.506560767320541228e+00
2.513622837590282266e+00
2.516423867400488845e+00
2.527060918032528303e+00
2.528235222141157923e+00
2.530956983857232334e+00
2.533166251621290499e+00
2.543234388156085490e+00
2.547673153815714020e+00
2.548624405041946428e+00
2.549545283278151331e+00
2.549759359990513286e+00
2.555319609010030746e+00
2.559398651668974622e+00
2.560119635009965755e+00
2.564109559338532129e+00
2.570579634380200318e+00
2.574406247337428066e+00
2.575346922514186954e+00
2.576131285181022523e+00
2.580959523363583141e+00
2.582740058617833956e+00
2.584834001517115620e+00
2.587239142822709503e+00
2.590758835528406578e+00
2.593136555290422862e+00
2.598517016881365826e+00
2.599087878359510828e+00
2.602092171516776631e+00
2.602132374944603033e+00
2.604653355313044205e+00
2.610726082838184858e+00
2.613749758690434799e+00
2.616475763107647179e+00
2.618163611938072677e+00
2.619139038628693683e+00
2.632674502595993005e+00
2.634539269849625942e+00
2.635628033642381851e+00
2.638023656888286439e+00
2.640456518287351173e+00
2.644218869223696977e+00
2.645253257035299121e+00
2.659081493513747230e+00
2.663205918701564201e+00
2.664489534039882201e+00
2.665285850559330427e+00
2.670393682614305320e+00
2.675526289908480848e+00
2.686199371659884427e+00
2.687407232123061984e+00
2.690233188742659820e+00
2.695949048485471788e+00
2.697530871591610424e+00
2.699741467790599092e+00
2.706788037520176271e+00
2.708378708253143863e+00
2.743975253964388905e+00
2.754960039148591555e+00
2.755270153629531649e+00
2.760789570496313239e+00
2.765597193370826101e+00
2.780119366125045843e+00
2.780562326414873109e+00
2.791144523139513556e+00
2.796586884106019522e+00
2.809780260354630688e+00
2.810487455619058661e+00
2.815863623751876599e+00
2.825371313821701591e+00
2.832593019063364359e+00
2.835094493306573149e+00
2.835814264159943754e+00
2.860180045294149487e+00
2.867750393574103995e+00
2.884720519029065233e+00
2.885068308367350731e+00
2.886003141170522923e+00
2.888664841988920262e+00
2.892015405095572422e+00
2.904863168483900360e+00
2.907970321795183111e+00
2.908578724749634414e+00
2.923077161090096965e+00
2.924873102533101399e+00
2.928962970853450809e+00
2.930303568560400862e+00
2.941212865091295647e+00
2.947212012186666730e+00
2.950841431629296796e+00
2.956774412319298939e+00
2.959325875663431749e+00
2.961024907667954231e+00
2.961965241891407530e+00
2.963934238015571321e+00
2.967169831981917749e+00
2.982775891028565773e+00
2.985928817257187617e+00
3.015040974144144403e+00
3.033559272588740363e+00
3.049162612782530868e+00
3.055218585360998329e+00
3.062380020752463849e+00
3.062707242695801302e+00
3.091040620677619088e+00
3.096215139658920368e+00
3.099741679391652127e+00
3.121337405112956542e+00
3.130194839659071526e+00
3.146718929822851507e+00
3.155552999944703618e+00
3.158761682551738836e+00
3.176508755465564438e+00
3.183218407883136702e+00
3.199086780273541653e+00
3.216700176411948053e+00
3.228713147008541728e+00
3.237811112799912738e+00
3.239724345702398978e+00
3.248131868955580259e+00
3.262947890486375790e+00
3.266248743960973755e+00
3.275485851305872220e+00
3.313572037601710374e+00
3.338681684599353883e+00
3.351259560462310105e+00
3.359708802477608280e+00
3.394632304976537451e+00
3.400609529262824449e+00
3.423404555980656294e+00
3.440441853449214715e+00
3.441563633830321045e+00
3.448588049574663028e+00
3.465114360591841081e+00
3.473031386043656799e+00
3.480428810639335069e+00
3.484020515704487231e+00
3.492690701604594938e+00
3.511110001496636102e+00
3.515781931702358865e+00
3.516927164729688027e+00
3.520038889691269546e+00
3.535740950426168094e+00
3.536392331217252938e+00
3.558869257600652425e+00
3.600852478091900899e+00
3.610085294075777274e+00
3.623739528320915060e+00
3.653655210925367935e+00
3.660117478624478782e+00
3.684824100308198513e+00
3.685146860927783763e+00
3.737426865326010983e+00
3.769933101713636159e+00
3.771905152998239252e+00
3.796646396360162434e+00
3.796705459126440196e+00
3.817940168228577402e+00
3.840157584731222595e+00
3.868550866264533816e+00
3.893078243429773266e+00
3.927712258554092450e+00
4.037255557168744069e+00
4.133256256269588036e+00
4.164612494684132749e+00
4.167441055350142420e+00
4.227884926125352827e+00
4.250338940128852272e+00
4.257316172999239257e+00
4.266880077807496896e+00
4.267624023007670075e+00
4.409276092359510457e+00
4.580141445326384009e+00
4.656627198287399239e+00
5.008861712787112452e+00
5.214459359574195041e+00
5.311854899706390576e+00
5.402740162694502857e+00
