8385  3
8523  17
8530  21
8539  3
8548  18
8550  10
8553  14
8560  3
8565  6
8579  20
8585  10
8596  11
8597  9
8598  155
8599  6
8609  11
8612  2
8615  27
8616  5
8628  18
8630  8
8639  9
8643  7
8646  10
8647  29
8649  5
8650  14
8651  14
8653  10
8655  4
8657  23
8660  10
8662  23
8663  12
8666  10
8671  13
8672  3
8674  7
8675  19
8677  23
8681  3
8683  4
8684  38
8685  2
8688  3
8689  19
8694  4
8695  55
8697  22
8698  8
8699  35
8701  12
8704  3
8705  8
8707  16
8708  28
8713  43
8714  43
8715  5
8716  3
8717  208
8718  22
8720  10
8723  23
8724  9
8725  40
8726  12
8728  5
8729  15
8730  21
8731  12
8732  8
8734  80
8735  10
8737  9
8739  19
8740  207
8741  3
8742  8
8743  7
8744  30
8745  3
8746  58
8747  36
8748  57
8749  5
8751  98
8752  4
8753  21
8755  7
8758  52
8759  74
8760  13
8761  20
8762  37
8763  20
8764  43
8765  16
8766  14
8767  190
8768  34
8769  12
8770  166
8771  67
8772  19
8773  13
8774  5
8775  14
8776  31
8777  8
8778  58
8779  66
8780  36
8781  22
8782  30
8783  11
8784  57
8785  53
8786  49
8787  79
8788  24
8789  31
8790  22
8791  69
8792  48
8793  45
8794  21
8795  33
8796  24
8797  93
8798  113
8799  36
8800  82
8801  59
8802  47
8803  81
8804  36
8805  60
8806  64
8807  71
8808  43
8809  120
8810  82
8811  32
8812  79
8813  118
8814  104
8815  81
8816  39
8817  37
8818  80
8819  90
8820  81
8821  127
8822  143
8823  67
8824  42
8825  42
8826  318
8827  71
8828  132
8829  110
8830  38
8831  128
8832  132
8833  249
8834  173
8835  189
8836  121
8837  252
8838  91
8839  124
8840  333
8841  176
8842  285
8843  144
8844  183
8845  163
8846  206
8847  180
8848  242
8849  184
8850  155
8851  144
8852  265
8853  426
8854  159
8855  119
8856  246
8857  364
8858  286
8859  523
8860  175
8861  325
8862  408
8863  366
8864  145
8865  365
8866  182
8867  325
8868  195
8869  346
8870  499
8871  426
8872  342
8873  457
8874  385
8875  342
8876  527
8877  480
8878  857
8879  455
8880  415
8881  588
8882  718
8883  545
8884  409
8885  366
8886  490
8887  649
8888  510
8889  756
8890  1059
8891  546
8892  944
8893  722
8894  956
8895  944
8896  605
8897  825
8898  681
8899  655
8900  1137
8901  1011
8902  702
8903  1160
8904  941
8905  985
8906  903
8907  1027
8908  1185
8909  1441
8910  1207
8911  1349
8912  1099
8913  1415
8914  1375
8915  1559
8916  1703
8917  1933
8918  1727
8919  1776
8920  1828
8921  1506
8922  1716
8923  1903
8924  1740
8925  2609
8926  2109
8927  2305
8928  2063
8929  2573
8930  1622
8931  2444
8932  2326
8933  2227
8934  2592
8935  2926
8936  2930
8937  3211
8938  3132
8939  3171
8940  2602
8941  3148
8942  3409
8943  2905
8944  3594
8945  3374
8946  4222
8947  3313
8948  4034
8949  3572
8950  4027
8951  4306
8952  4689
8953  5695
8954  4359
8955  4598
8956  5369
8957  5176
8958  4974
8959  5932
8960  6369
8961  6532
8962  6203
8963  6253
8964  6262
8965  7411
8966  6366
8967  7776
8968  7902
8969  7970
8970  7694
8971  8473
8972  8764
8973  8988
8974  8363
8975  9692
8976  8808
8977  9992
8978  9479
8979  9939
8980  10497
8981  11911
8982  11073
8983  10544
8984  12524
8985  12593
8986  13696
8987  12432
8988  13269
8989  14270
8990  13885
8991  14429
8992  14829
8993  16259
8994  15636
8995  16477
8996  16569
8997  16805
8998  16495
8999  17477
9000  17878
9001  18660
9002  19622
9003  21118
9004  21449
9005  20028
9006  22214
9007  22323
9008  23566
9009  24082
9010  25007
9011  26253
9012  25352
9013  26717
9014  27602
9015  27140
9016  28262
9017  27718
9018  28600
9019  28292
9020  30487
9021  30690
9022  32681
9023  32198
9024  33843
9025  35198
9026  36342
9027  35780
9028  36738
9029  35914
9030  39643
9031  37713
9032  42515
9033  42226
9034  42840
9035  44573
9036  44676
9037  43845
9038  45466
9039  48348
9040  48244
9041  50657
9042  48189
9043  50834
9044  50935
9045  54197
9046  54124
9047  57170
9048  55395
9049  58377
9050  60100
9051  60411
9052  62465
9053  59322
9054  65219
9055  68444
9056  65669
9057  65723
9058  67586
9059  71648
9060  72048
9061  73261
9062  75025
9063  79072
9064  76227
9065  77623
9066  80533
9067  81692
9068  83834
9069  86424
9070  85575
9071  86776
9072  88647
9073  91130
9074  93282
9075  95253
9076  94149
9077  95666
9078  100125
9079  99542
9080  98998
9081  101822
9082  105676
9083  105327
9084  107092
9085  109401
9086  110457
9087  112388
9088  115623
9089  118340
9090  117756
9091  120228
9092  123228
9093  123151
9094  124145
9095  126708
9096  128691
9097  132710
9098  132461
9099  133157
9100  139066
9101  138002
9102  140262
9103  143954
9104  144982
9105  149832
9106  147408
9107  146400
9108  151963
9109  153201
9110  154245
9111  158536
9112  159613
9113  159306
9114  162289
9115  162513
9116  165636
9117  167181
9118  170378
9119  170173
9120  175733
9121  177780
9122  176183
9123  176657
9124  179727
9125  181930
9126  185901
9127  186188
9128  191292
9129  189451
9130  195152
9131  197594
9132  197878
9133  196332
9134  201140
9135  202066
9136  206173
9137  207764
9138  208544
9139  211015
9140  210271
9141  211458
9142  215092
9143  215672
9144  216013
9145  217047
9146  224488
9147  222842
9148  229257
9149  237092
9150  231821
9151  229965
9152  235135
9153  235011
9154  235144
9155  237070
9156  235071
9157  242810
9158  241478
9159  248824
9160  245630
9161  247778
9162  255718
9163  257778
9164  249568
9165  259388
9166  251726
9167  258163
9168  258204
9169  255561
9170  266152
9171  263701
9172  264150
9173  266346
9174  268886
9175  266257
9176  273943
9177  272491
9178  273989
9179  272431
9180  273407
9181  276478
9182  281311
9183  278579
9184  280500
9185  282084
9186  285585
9187  286582
9188  289690
9189  286224
9190  288952
9191  292725
9192  284512
9193  293476
9194  293799
9195  295755
9196  296026
9197  300341
9198  291612
9199  305720
9200  293934
9201  299885
9202  295418
9203  302957
9204  307071
9205  301988
9206  302181
9207  308935
9208  302459
9209  300829
9210  308250
9211  301144
9212  304050
9213  306404
9214  306847
9215  315577
9216  309288
9217  307917
9218  313869
9219  309247
9220  308199
9221  306107
9222  303514
9223  316051
9224  314643
9225  313653
9226  318007
9227  307818
9228  318375
9229  315459
9230  317359
9231  309788
9232  309959
9233  312391
9234  310967
9235  317629
9236  314178
9237  313078
9238  317832
9239  310084
9240  315254
9241  313520
9242  310315
9243  312990
9244  312517
9245  315237
9246  306821
9247  306751
9248  312064
9249  309402
9250  308724
9251  312643
9252  315883
9253  312345
9254  306421
9255  313144
9256  313620
9257  302135
9258  313711
9259  310491
9260  302960
9261  301223
9262  306748
9263  301778
9264  305176
9265  307486
9266  301774
9267  301924
9268  301986
9269  302426
9270  310046
9271  303196
9272  301900
9273  296899
9274  302157
9275  302312
9276  296022
9277  300190
9278  298048
9279  293941
9280  296151
9281  292356
9282  291072
9283  294583
9284  287836
9285  292819
9286  290279
9287  284890
9288  290322
9289  286880
9290  287628
9291  286323
9292  283179
9293  287585
9294  284264
9295  290353
9296  284223
9297  289031
9298  290402
9299  280166
9300  281690
9301  282562
9302  281902
9303  279018
9304  279069
9305  282050
9306  271503
9307  271349
9308  277535
9309  275585
9310  271282
9311  273186
9312  265886
9313  276349
9314  267679
9315  270456
9316  263513
9317  264883
9318  268183
9319  273699
9320  264306
9321  269980
9322  262760
9323  259719
9324  259812
9325  261821
9326  261458
9327  259477
9328  257707
9329  253222
9330  256018
9331  254797
9332  252642
9333  253637
9334  250729
9335  258158
9336  255531
9337  247152
9338  245926
9339  244395
9340  244831
9341  243346
9342  244761
9343  243156
9344  240887
9345  247407
9346  247284
9347  241505
9348  239385
9349  240315
9350  241945
9351  237241
9352  243940
9353  240533
9354  241204
9355  237966
9356  239397
9357  240158
9358  237043
9359  242504
9360  235276
9361  246067
9362  246365
9363  240734
9364  244158
9365  246084
9366  242225
9367  243053
9368  244617
9369  242202
9370  249164
9371  241616
9372  239634
9373  241130
9374  245519
9375  241755
9376  247381
9377  241655
9378  240808
9379  241864
9380  244221
9381  237915
9382  242124
9383  241695
9384  235943
9385  237487
9386  244115
9387  242710
9388  241866
9389  239655
9390  246120
9391  245526
9392  243810
9393  245285
9394  243445
9395  243872
9396  246701
9397  244027
9398  247536
9399  239939
9400  248170
9401  242003
9402  246926
9403  251671
9404  245838
9405  247002
9406  248841
9407  249920
9408  242264
9409  249306
9410  248010
9411  246269
9412  244828
9413  245182
9414  242542
9415  251728
9416  248678
9417  246822
9418  249066
9419  254083
9420  248414
9421  250307
9422  252915
9423  255575
9424  252427
9425  257297
9426  261455
9427  257810
9428  262019
9429  252722
9430  260985
9431  261680
9432  264674
9433  264394
9434  257623
9435  261559
9436  263612
9437  265164
9438  269128
9439  265475
9440  266921
9441  263688
9442  270100
9443  271907
9444  268516
9445  267481
9446  273632
9447  283201
9448  278061
9449  276912
9450  280554
9451  283649
9452  283749
9453  282179
9454  282252
9455  287318
9456  290228
9457  290391
9458  285649
9459  294561
9460  286455
9461  294663
9462  286775
9463  291061
9464  290992
9465  299564
9466  295064
9467  305272
9468  299275
9469  298675
9470  302980
9471  297358
9472  302248
9473  298444
9474  298313
9475  299221
9476  301502
9477  309635
9478  305755
9479  308730
9480  306598
9481  314765
9482  313838
9483  316005
9484  308339
9485  308305
9486  315104
9487  309162
9488  313786
9489  309310
9490  325023
9491  314498
9492  318040
9493  310841
9494  316462
9495  319802
9496  321162
9497  323372
9498  317365
9499  315737
9500  322743
9501  323913
9502  324005
9503  325218
9504  316867
9505  329385
9506  321520
9507  325954
9508  323198
9509  326845
9510  329490
9511  322104
9512  329208
9513  335924
9514  328391
9515  330917
9516  334535
9517  331124
9518  331392
9519  332548
9520  333238
9521  326908
9522  333815
9523  335216
9524  339377
9525  333874
9526  333680
9527  339702
9528  334109
9529  341235
9530  331940
9531  340107
9532  346522
9533  344303
9534  343056
9535  343063
9536  346612
9537  345867
9538  348556
9539  339235
9540  345583
9541  347150
9542  353425
9543  350965
9544  349774
9545  358891
9546  348045
9547  353096
9548  356341
9549  352970
9550  347132
9551  349101
9552  348219
9553  358737
9554  356958
9555  350446
9556  352796
9557  362709
9558  357937
9559  351903
9560  357367
9561  361165
9562  360526
9563  355402
9564  359776
9565  362762
9566  367615
9567  355928
9568  369737
9569  355676
9570  362793
9571  363981
9572  372598
9573  357396
9574  368348
9575  377533
9576  376729
9577  365518
9578  370680
9579  371221
9580  361723
9581  373475
9582  373521
9583  368218
9584  370619
9585  369431
9586  371837
9587  371288
9588  378138
9589  363970
9590  378154
9591  379522
9592  372282
9593  377905
9594  373912
9595  370533
9596  375431
9597  368890
9598  375735
9599  376611
9600  374783
9601  379094
9602  381886
9603  372308
9604  386419
9605  383850
9606  375696
9607  374538
9608  380904
9609  385907
9610  375501
9611  383160
9612  382880
9613  392054
9614  380571
9615  387291
9616  382276
9617  391231
9618  389060
9619  387807
9620  384406
9621  381223
9622  390346
9623  394839
9624  387404
9625  393702
9626  392638
9627  394411
9628  396732
9629  386016
9630  386802
9631  392798
9632  394049
9633  396320
9634  392877
9635  389193
9636  392699
9637  393354
9638  396358
9639  395962
9640  394818
9641  396366
9642  390389
9643  400874
9644  393385
9645  405777
9646  398945
9647  398484
9648  403381
9649  398476
9650  405791
9651  406359
9652  396925
9653  393628
9654  401295
9655  406677
9656  402598
9657  401052
9658  403906
9659  402895
9660  408929
9661  414286
9662  410114
9663  410051
9664  404290
9665  411500
9666  408681
9667  402816
9668  407025
9669  406395
9670  405231
9671  412934
9672  411937
9673  414392
9674  415760
9675  417773
9676  410727
9677  417919
9678  416235
9679  418730
9680  418035
9681  414316
9682  416002
9683  419945
9684  417276
9685  418385
9686  419276
9687  410788
9688  412179
9689  417109
9690  423795
9691  417135
9692  425945
9693  424736
9694  421575
9695  420160
9696  428003
9697  418888
9698  422011
9699  430487
9700  423950
9701  430824
9702  435386
9703  422471
9704  433088
9705  429206
9706  433140
9707  429138
9708  441193
9709  435634
9710  432229
9711  435732
9712  429886
9713  432859
9714  439082
9715  441549
9716  428440
9717  442004
9718  435729
9719  440879
9720  441473
9721  439063
9722  444042
9723  434540
9724  435073
9725  440437
9726  447766
9727  445993
9728  438192
9729  438235
9730  445152
9731  440652
9732  445887
9733  439531
9734  447958
9735  450508
9736  454226
9737  440597
9738  436376
9739  453387
9740  447698
9741  445436
9742  449737
9743  458250
9744  445674
9745  449461
9746  447341
9747  441778
9748  453888
9749  448599
9750  454246
9751  450035
9752  454933
9753  450909
9754  456645
9755  462359
9756  462371
9757  448597
9758  447188
9759  455245
9760  459945
9761  459173
9762  458941
9763  458692
9764  456133
9765  453154
9766  455563
9767  453875
9768  455089
9769  458185
9770  460560
9771  463143
9772  459371
9773  465224
9774  452616
9775  455689
9776  460450
9777  467253
9778  468163
9779  461942
9780  469746
9781  464854
9782  459326
9783  466963
9784  468920
9785  471597
9786  461716
9787  472058
9788  468072
9789  470772
9790  466168
9791  473605
9792  468613
9793  475686
9794  473009
9795  467544
9796  466493
9797  475153
9798  476453
9799  478499
9800  469822
9801  476291
9802  469989
9803  473313
9804  466607
9805  476832
9806  481137
9807  473329
9808  473504
9809  477447
9810  482045
9811  479387
9812  470365
9813  478018
9814  481632
9815  482134
9816  490497
9817  480391
9818  481449
9819  487422
9820  485754
9821  475850
9822  477520
9823  482703
9824  482838
9825  481327
9826  487798
9827  485336
9828  490461
9829  483135
9830  484958
9831  484422
9832  492567
9833  491669
9834  487256
9835  491809
9836  481667
9837  486472
9838  490725
9839  489615
9840  489285
9841  492361
9842  499455
9843  497461
9844  493442
9845  499782
9846  495413
9847  491233
9848  502485
9849  491838
9850  491173
9851  497426
9852  498589
9853  498864
9854  503475
9855  493792
9856  496880
9857  503705
9858  495013
9859  495014
9860  499983
9861  503096
9862  493744
9863  497377
9864  499144
9865  498189
9866  503553
9867  508838
9868  496061
9869  493311
9870  500623
9871  505728
9872  491514
9873  501891
9874  498361
9875  505111
9876  505531
9877  496903
9878  508255
9879  501930
9880  496905
9881  502653
9882  502458
9883  505776
9884  500612
9885  501920
9886  494486
9887  508358
9888  506639
9889  503514
9890  500269
9891  508117
9892  510225
9893  510967
9894  512112
9895  506919
9896  506474
9897  511156
9898  513097
9899  507813
9900  508299
9901  511370
9902  511426
9903  508733
9904  512121
9905  512320
9906  515770
9907  520300
9908  513249
9909  515359
9910  509932
9911  520678
9912  515677
9913  516724
9914  506497
9915  509943
9916  513849
9917  515350
9918  511276
9919  515121
9920  513493
9921  517811
9922  524629
9923  523409
9924  517981
9925  516238
9926  516985
9927  516852
9928  513780
9929  517677
9930  523112
9931  516331
9932  512317
9933  525847
9934  521311
9935  518740
9936  522517
9937  531567
9938  529993
9939  524587
9940  521466
9941  518871
9942  528158
9943  516544
9944  518584
9945  531360
9946  523767
9947  522945
9948  525627
9949  526189
9950  522425
9951  528877
9952  530569
9953  520402
9954  527832
9955  519695
9956  525462
9957  524339
9958  518629
9959  521829
9960  521145
9961  515992
9962  528607
9963  530608
9964  523738
9965  524474
9966  528079
9967  529005
9968  529632
9969  537233
9970  530423
9971  525682
9972  528730
9973  522775
9974  528216
9975  520837
9976  530251
9977  531732
9978  530784
9979  528486
9980  541037
9981  524231
9982  525513
9983  524960
9984  524679
9985  528487
9986  533367
9987  533626
9988  530751
9989  526129
9990  520046
9991  527289
9992  533616
9993  532579
9994  535655
9995  530945
9996  535564
9997  527214
9998  528709
9999  534911
10000  531830
10001  532565
10002  533449
10003  536399
10004  532684
10005  535834
10006  529072
10007  520751
10008  537671
10009  539215
10010  529443
10011  528087
10012  531793
10013  533993
10014  528927
10015  528044
10016  529178
10017  533043
10018  537401
10019  528288
10020  533148
10021  534366
10022  525630
10023  538902
10024  533422
10025  539255
10026  537972
10027  534199
10028  530036
10029  529044
10030  547140
10031  540779
10032  531781
10033  543833
10034  536503
10035  529950
10036  535791
10037  524780
10038  536160
10039  541194
10040  538986
10041  528824
10042  524956
10043  540939
10044  542069
10045  529030
10046  527630
10047  533879
10048  532684
10049  532962
10050  532475
10051  546349
10052  538038
10053  532406
10054  533156
10055  535416
10056  547821
10057  533839
10058  530048
10059  536172
10060  534898
10061  535400
10062  532407
10063  533661
10064  537711
10065  543795
10066  532761
10067  530294
10068  532787
10069  528424
10070  531996
10071  528228
10072  534752
10073  527730
10074  531345
10075  534201
10076  535829
10077  524663
10078  536186
10079  525114
10080  532948
10081  536430
10082  543244
10083  537520
10084  530361
10085  522198
10086  524892
10087  531692
10088  533751
10089  529674
10090  524132
10091  528339
10092  543795
10093  531930
10094  535151
10095  531434
10096  527647
10097  531795
10098  531886
10099  530526
10100  529877
10101  532782
10102  531995
10103  535877
10104  530588
10105  534653
10106  529115
10107  532326
10108  535209
10109  530834
10110  526201
10111  530600
10112  526784
10113  523172
10114  529778
10115  521528
10116  525092
10117  528367
10118  528717
10119  537021
10120  525415
10121  535645
10122  519517
10123  529468
10124  527246
10125  529175
10126  528438
10127  524402
10128  535303
10129  524829
10130  518399
10131  530001
10132  526235
10133  529388
10134  522710
10135  523683
10136  528915
10137  520742
10138  526386
10139  530575
10140  520575
10141  517003
10142  523807
10143  524484
10144  517999
10145  533983
10146  520456
10147  527354
10148  519069
10149  515778
10150  519194
10151  521789
10152  519806
10153  517580
10154  511888
10155  518113
10156  522222
10157  522304
10158  521939
10159  517600
10160  518079
10161  509908
10162  512234
10163  521068
10164  520953
10165  513209
10166  521375
10167  513841
10168  516809
10169  522314
10170  515510
10171  515042
10172  511922
10173  513925
10174  513790
10175  515666
10176  513977
10177  509733
10178  515083
10179  505478
10180  500675
10181  511378
10182  512537
10183  518994
10184  506663
10185  513441
10186  508302
10187  505148
10188  518266
10189  520973
10190  513144
10191  509289
10192  510251
10193  511998
10194  500160
10195  500998
10196  500516
10197  507179
10198  503043
10199  505512
10200  501255
10201  501374
10202  493391
10203  507179
10204  503848
10205  504248
10206  502457
10207  501736
10208  499273
10209  498458
10210  500135
10211  502476
10212  501120
10213  499116
10214  507648
10215  498669
10216  504185
10217  500407
10218  492881
10219  500907
10220  504934
10221  502192
10222  494090
10223  495238
10224  501756
10225  505016
10226  496583
10227  492662
10228  496922
10229  489771
10230  489152
10231  482322
10232  497837
10233  496268
10234  494665
10235  490445
10236  485879
10237  486462
10238  487192
10239  498759
10240  479512
10241  485887
10242  491400
10243  482493
10244  492221
10245  481940
10246  486631
10247  481159
10248  484100
10249  488487
10250  490363
10251  479303
10252  485491
10253  477020
10254  473355
10255  479325
10256  473659
10257  474290
10258  475677
10259  479417
10260  469890
10261  477000
10262  470020
10263  481365
10264  475205
10265  467519
10266  476950
10267  480926
10268  463404
10269  465061
10270  463742
10271  477482
10272  466999
10273  478904
10274  468210
10275  471310
10276  465571
10277  462089
10278  467720
10279  463006
10280  467864
10281  461206
10282  458075
10283  460794
10284  458141
10285  469242
10286  465890
10287  462098
10288  462586
10289  454370
10290  456440
10291  456642
10292  459387
10293  466801
10294  454071
10295  450451
10296  459718
10297  453121
10298  452841
10299  460581
10300  467593
10301  450302
10302  448415
10303  447822
10304  443779
10305  454334
10306  451261
10307  452139
10308  445880
10309  445776
10310  445264
10311  438369
10312  449928
10313  444161
10314  440745
10315  437742
10316  438982
10317  449159
10318  447877
10319  432664
10320  443963
10321  442695
10322  446639
10323  435420
10324  441871
10325  442068
10326  438697
10327  432568
10328  433519
10329  439999
10330  439338
10331  435505
10332  433991
10333  424756
10334  428784
10335  431302
10336  426516
10337  436459
10338  423253
10339  427999
10340  426954
10341  429991
10342  430307
10343  415103
10344  420993
10345  418366
10346  417263
10347  414080
10348  423866
10349  415879
10350  421615
10351  424652
10352  417764
10353  418063
10354  415376
10355  416903
10356  408372
10357  417611
10358  419238
10359  417655
10360  419058
10361  416323
10362  409936
10363  413862
10364  404832
10365  420731
10366  409425
10367  406671
10368  407635
10369  408946
10370  402735
10371  396543
10372  410653
10373  405028
10374  412041
10375  397914
10376  403016
10377  398101
10378  408400
10379  403205
10380  392666
10381  399110
10382  399978
10383  396418
10384  385209
10385  397774
10386  397137
10387  390393
10388  391782
10389  401176
10390  388220
10391  391024
10392  385935
10393  387228
10394  385620
10395  388047
10396  389079
10397  382976
10398  386838
10399  392424
10400  376337
10401  382129
10402  382504
10403  385117
10404  376845
10405  373562
10406  378073
10407  381191
10408  378048
10409  380593
10410  371789
10411  372068
10412  374383
10413  372918
10414  374642
10415  375532
10416  368425
10417  370945
10418  372458
10419  367484
10420  362566
10421  363721
10422  363797
10423  366955
10424  365442
10425  368721
10426  360384
10427  355458
10428  357487
10429  361293
10430  362930
10431  357388
10432  359538
10433  359302
10434  351523
10435  357541
10436  350950
10437  353179
10438  361120
10439  355427
10440  349155
10441  347757
10442  349244
10443  342029
10444  349543
10445  350130
10446  343382
10447  340896
10448  346126
10449  341323
10450  338506
10451  349327
10452  341392
10453  340444
10454  341812
10455  336208
10456  341314
10457  335897
10458  340210
10459  339376
10460  340998
10461  331410
10462  331156
10463  331462
10464  332879
10465  327327
10466  332073
10467  331900
10468  326906
10469  328034
10470  330674
10471  319148
10472  327818
10473  331020
10474  324335
10475  327659
10476  326761
10477  313566
10478  319716
10479  322089
10480  323218
10481  321471
10482  315489
10483  319565
10484  315070
10485  314429
10486  320302
10487  313801
10488  309214
10489  315580
10490  309898
10491  312261
10492  315940
10493  307862
10494  307232
10495  307482
10496  309189
10497  308896
10498  310840
10499  306904
10500  301018
10501  305479
10502  301854
10503  297029
10504  303742
10505  303092
10506  299288
10507  302118
10508  306121
10509  294238
10510  298887
10511  302285
10512  292705
10513  288436
10514  291040
10515  290050
10516  282856
10517  289317
10518  290060
10519  288927
10520  289027
10521  283102
10522  296004
10523  289320
10524  287824
10525  280357
10526  278056
10527  284540
10528  281091
10529  283634
10530  276638
10531  279897
10532  282207
10533  276445
10534  275594
10535  279692
10536  277797
10537  272875
10538  277040
10539  271668
10540  276786
10541  272581
10542  272258
10543  275521
10544  270475
10545  266831
10546  268553
10547  267475
10548  266558
10549  265549
10550  262364
10551  264930
10552  263307
10553  259878
10554  255981
10555  255972
10556  255503
10557  261702
10558  260215
10559  261014
10560  257172
10561  263418
10562  258857
10563  254107
10564  255069
10565  259292
10566  253413
10567  249593
10568  253026
10569  252770
10570  251793
10571  247074
10572  247930
10573  246133
10574  246592
10575  246038
10576  250611
10577  245173
10578  243595
10579  247826
10580  239258
10581  246466
10582  252464
10583  242205
10584  237249
10585  244139
10586  238286
10587  244481
10588  239677
10589  236106
10590  237924
10591  234968
10592  234035
10593  229432
10594  236623
10595  234831
10596  232608
10597  231909
10598  231161
10599  231341
10600  229541
10601  235158
10602  230463
10603  227643
10604  229131
10605  229063
10606  223900
10607  222112
10608  228865
10609  223660
10610  222188
10611  219565
10612  220954
10613  220466
10614  230090
10615  218156
10616  218746
10617  219784
10618  215063
10619  216901
10620  219344
10621  216221
10622  219605
10623  214227
10624  208988
10625  212657
10626  213156
10627  210548
10628  211829
10629  212276
10630  211388
10631  212433
10632  211571
10633  212102
10634  209981
10635  207500
10636  209348
10637  208784
10638  205968
10639  208642
10640  202647
10641  200138
10642  204817
10643  202662
10644  201191
10645  197044
10646  202147
10647  195324
10648  194507
10649  200123
10650  194947
10651  201853
10652  196312
10653  197161
10654  199804
10655  195255
10656  191741
10657  193193
10658  195337
10659  195199
10660  190089
10661  192254
10662  191682
10663  188182
10664  191933
10665  192002
10666  187731
10667  187450
10668  190516
10669  186847
10670  192904
10671  184844
10672  182397
10673  189023
10674  183834
10675  183337
10676  184053
10677  189569
10678  185379
10679  182222
10680  178913
10681  183526
10682  181137
10683  177297
10684  182264
10685  178188
10686  178306
10687  173502
10688  177037
10689  176087
10690  177685
10691  177624
10692  177574
10693  176894
10694  175202
10695  177804
10696  177644
10697  175693
10698  176302
10699  175528
10700  169383
10701  172479
10702  173406
10703  170202
10704  167297
10705  172990
10706  168909
10707  164455
10708  166210
10709  167752
10710  162897
10711  163578
10712  166440
10713  170677
10714  161865
10715  163016
10716  164883
10717  162883
10718  164324
10719  165828
10720  160952
10721  161392
10722  160933
10723  158191
10724  158952
10725  158906
10726  167779
10727  161783
10728  161385
10729  154817
10730  158686
10731  161680
10732  157637
10733  157713
10734  158452
10735  152233
10736  156452
10737  156360
10738  154033
10739  155879
10740  154990
10741  157853
10742  157556
10743  154971
10744  149627
10745  149024
10746  151774
10747  146659
10748  150357
10749  149137
10750  149150
10751  145402
10752  149084
10753  147845
10754  147301
10755  143947
10756  147411
10757  146997
10758  148770
10759  149309
10760  147825
10761  147898
10762  149028
10763  143234
10764  145970
10765  140387
10766  145618
10767  143181
10768  144067
10769  146842
10770  142389
10771  145770
10772  146532
10773  139773
10774  141677
10775  142592
10776  140682
10777  140620
10778  138841
10779  143698
10780  140677
10781  141035
10782  134442
10783  140832
10784  136667
10785  138420
10786  138816
10787  139895
10788  136650
10789  140101
10790  136697
10791  138611
10792  134586
10793  132512
10794  136038
10795  136365
10796  132617
10797  136417
10798  129165
10799  133929
10800  134567
10801  134233
10802  128213
10803  130906
10804  126083
10805  133284
10806  131767
10807  130516
10808  133851
10809  130198
10810  126692
10811  133133
10812  130970
10813  128433
10814  128952
10815  126510
10816  129718
10817  127062
10818  127091
10819  128649
10820  130518
10821  128581
10822  126178
10823  128483
10824  128121
10825  125674
10826  120960
10827  123925
10828  126375
10829  126573
10830  124480
10831  128554
10832  120991
10833  125448
10834  125585
10835  122019
10836  119172
10837  120560
10838  124114
10839  124747
10840  122841
10841  119297
10842  125416
10843  118409
10844  123530
10845  122984
10846  122735
10847  117351
10848  120339
10849  121134
10850  119010
10851  119612
10852  116534
10853  118924
10854  117662
10855  116875
10856  121215
10857  119873
10858  113414
10859  115188
10860  117282
10861  117028
10862  118441
10863  115447
10864  118066
10865  116894
10866  117009
10867  112939
10868  116971
10869  115831
10870  115659
10871  115165
10872  115560
10873  112278
10874  110214
10875  109939
10876  114358
10877  114073
10878  112746
10879  116305
10880  112528
10881  112627
10882  114897
10883  114078
10884  111669
10885  112133
10886  114108
10887  107923
10888  107448
10889  106730
10890  110919
10891  111716
10892  113095
10893  108987
10894  111305
10895  110822
10896  110157
10897  108680
10898  111033
10899  111284
10900  111049
10901  108326
10902  111596
10903  107785
10904  109878
10905  110521
10906  108041
10907  108386
10908  110069
10909  106140
10910  115783
10911  107876
10912  109780
10913  108500
10914  108988
10915  104199
10916  105427
10917  105067
10918  105463
10919  106717
10920  104714
10921  104840
10922  107238
10923  106813
10924  105897
10925  105691
10926  103279
10927  104800
10928  101360
10929  104686
10930  103693
10931  102548
10932  103420
10933  102461
10934  106329
10935  104277
10936  104641
10937  101076
10938  107239
10939  103497
10940  102892
10941  103295
10942  103326
10943  103446
10944  102655
10945  102816
10946  98247
10947  100098
10948  100453
10949  103818
10950  102275
10951  96397
10952  103467
10953  101112
10954  97297
10955  101599
10956  103342
10957  104061
10958  100823
10959  98733
10960  98964
10961  101562
10962  99283
10963  101840
10964  98403
10965  94683
10966  99134
10967  99587
10968  97718
10969  99785
10970  95871
10971  95745
10972  98274
10973  96020
10974  94461
10975  96419
10976  98132
10977  97829
10978  100892
10979  96850
10980  95358
10981  94570
10982  95652
10983  97131
10984  94903
10985  94063
10986  98068
10987  94285
10988  95964
10989  95449
10990  95691
10991  96212
10992  95275
10993  94451
10994  88353
10995  91966
10996  93968
10997  93287
10998  93407
10999  96371
11000  95940
11001  93302
11002  92309
11003  93842
11004  88438
11005  92053
11006  95457
11007  89502
11008  90736
11009  92554
11010  91026
11011  91429
11012  93452
11013  92869
11014  94765
11015  91808
11016  94525
11017  89469
11018  95849
11019  91742
11020  91747
11021  94001
11022  89231
11023  87759
11024  92434
11025  92800
11026  86812
11027  91065
11028  90820
11029  92031
11030  93303
11031  90995
11032  88524
11033  91010
11034  87000
11035  91310
11036  85771
11037  89425
11038  90113
11039  86026
11040  90740
11041  86736
11042  88127
11043  87941
11044  91484
11045  89269
11046  82635
11047  89605
11048  88827
11049  87348
11050  87889
11051  87941
11052  86274
11053  90818
11054  93181
11055  87025
11056  83465
11057  88234
11058  85195
11059  89819
11060  91633
11061  87501
11062  85904
11063  82666
11064  84935
11065  89513
11066  82513
11067  88897
11068  85977
11069  83756
11070  83148
11071  87667
11072  87751
11073  83762
11074  84871
11075  85415
11076  86952
11077  81676
11078  86431
11079  84789
11080  81551
11081  85505
11082  89381
11083  80786
11084  82731
11085  81173
11086  85551
11087  82826
11088  83536
11089  84821
11090  84272
11091  81772
11092  85401
11093  80325
11094  81079
11095  81896
11096  83351
11097  78733
11098  83324
11099  83319
11100  83205
11101  82202
11102  80084
11103  78570
11104  81327
11105  77895
11106  77915
11107  81142
11108  77500
11109  81614
11110  78894
11111  79764
11112  80089
11113  84070
11114  80715
11115  80514
11116  79445
11117  78202
11118  76631
11119  78731
11120  80924
11121  75587
11122  79912
11123  79034
11124  77794
11125  77420
11126  80130
11127  77353
11128  78556
11129  80950
11130  75056
11131  79163
11132  78422
11133  77695
11134  79997
11135  76274
11136  77518
11137  78421
11138  76339
11139  73999
11140  79771
11141  75496
11142  78853
11143  75342
11144  78965
11145  75827
11146  75441
11147  74773
11148  74409
11149  76648
11150  76779
11151  75813
11152  74747
11153  76608
11154  72146
11155  74234
11156  75911
11157  75135
11158  75431
11159  77461
11160  76683
11161  76213
11162  75055
11163  74395
11164  75577
11165  73265
11166  70460
11167  72396
11168  72686
11169  75005
11170  74361
11171  73386
11172  69219
11173  70869
11174  69211
11175  72058
11176  71633
11177  72274
11178  71247
11179  76470
11180  73935
11181  71672
11182  69055
11183  72940
11184  70788
11185  71506
11186  71401
11187  68406
11188  67634
11189  71726
11190  71410
11191  73391
11192  69335
11193  71278
11194  71066
11195  70353
11196  68903
11197  72642
11198  72071
11199  70670
11200  70775
11201  72999
11202  70253
11203  68180
11204  73266
11205  65774
11206  70695
11207  69430
11208  70678
11209  66982
11210  67384
11211  67318
11212  64970
11213  68117
11214  65760
11215  67469
11216  66577
11217  68054
11218  68176
11219  64216
11220  67670
11221  65029
11222  68511
11223  67314
11224  66807
11225  66086
11226  68846
11227  68227
11228  64899
11229  67077
11230  64999
11231  69390
11232  66507
11233  69094
11234  65452
11235  70084
11236  67668
11237  63594
11238  67369
11239  65482
11240  66311
11241  64855
11242  61767
11243  64951
11244  66073
11245  65433
11246  64857
11247  63534
11248  65544
11249  65172
11250  62043
11251  64389
11252  62349
11253  63342
11254  61995
11255  63183
11256  60202
11257  65370
11258  65180
11259  60912
11260  63345
11261  63510
11262  61589
11263  62873
11264  62972
11265  63331
11266  61512
11267  62195
11268  59647
11269  60736
11270  63283
11271  61039
11272  61174
11273  61752
11274  62350
11275  64598
11276  61661
11277  59208
11278  62616
11279  60368
11280  62801
11281  62358
11282  61669
11283  61289
11284  63704
11285  59613
11286  60655
11287  62056
11288  62732
11289  61869
11290  63665
11291  58619
11292  62127
11293  61235
11294  60422
11295  60888
11296  59542
11297  59958
11298  57957
11299  61023
11300  56711
11301  59596
11302  59300
11303  58821
11304  57958
11305  60509
11306  58802
11307  59277
11308  56130
11309  57148
11310  58049
11311  56029
11312  58099
11313  55871
11314  58327
11315  56576
11316  59153
11317  56915
11318  55549
11319  56447
11320  57207
11321  58015
11322  57434
11323  55249
11324  57226
11325  56467
11326  56905
11327  61114
11328  57899
11329  58092
11330  56473
11331  58049
11332  55932
11333  55751
11334  57703
11335  55815
11336  55369
11337  54641
11338  54096
11339  56605
11340  58211
11341  57362
11342  56448
11343  51888
11344  56070
11345  52322
11346  53192
11347  57253
11348  53383
11349  58541
11350  54479
11351  52326
11352  52266
11353  54705
11354  53748
11355  53338
11356  52279
11357  53168
11358  54427
11359  54777
11360  55019
11361  53313
11362  51345
11363  53973
11364  50921
11365  52656
11366  55005
11367  51546
11368  52028
11369  50540
11370  52604
11371  49436
11372  53992
11373  51362
11374  50706
11375  50270
11376  50245
11377  51437
11378  48703
11379  51444
11380  50166
11381  51205
11382  50999
11383  52178
11384  48251
11385  53096
11386  47536
11387  49926
11388  50613
11389  49076
11390  47604
11391  46146
11392  50407
11393  49028
11394  51341
11395  48531
11396  51252
11397  49387
11398  50104
11399  51947
11400  49412
11401  48655
11402  48421
11403  49597
11404  49000
11405  49529
11406  48518
11407  47304
11408  48493
11409  46610
11410  47329
11411  49818
11412  48831
11413  48420
11414  50240
11415  49738
11416  48976
11417  43736
11418  49538
11419  47552
11420  48841
11421  47512
11422  45891
11423  46826
11424  48619
11425  48363
11426  44797
11427  43771
11428  45289
11429  47380
11430  44148
11431  47065
11432  45877
11433  45787
11434  44888
11435  48201
11436  45498
11437  47072
11438  46513
11439  45255
11440  46924
11441  45188
11442  45491
11443  46379
11444  44056
11445  46545
11446  42814
11447  46329
11448  47253
11449  45664
11450  43767
11451  47010
11452  44831
11453  43897
11454  46241
11455  45253
11456  45031
11457  42233
11458  46241
11459  43045
11460  44672
11461  44344
11462  45821
11463  43547
11464  42944
11465  44000
11466  43228
11467  41938
11468  41756
11469  42604
11470  42336
11471  43264
11472  41618
11473  43412
11474  42526
11475  44828
11476  43093
11477  44114
11478  43308
11479  41995
11480  42196
11481  40399
11482  41758
11483  42372
11484  42609
11485  41953
11486  41786
11487  41391
11488  43427
11489  42522
11490  40779
11491  43418
11492  41159
11493  40241
11494  43236
11495  43429
11496  42662
11497  39267
11498  40085
11499  39665
11500  41341
11501  41081
11502  37233
11503  39524
11504  42403
11505  39841
11506  39967
11507  39568
11508  39535
11509  40979
11510  40539
11511  41108
11512  37599
11513  44356
11514  39515
11515  39727
11516  39713
11517  39687
11518  37561
11519  39317
11520  39366
11521  36209
11522  37180
11523  39167
11524  38282
11525  39038
11526  38906
11527  37796
11528  39083
11529  39334
11530  40230
11531  36795
11532  37761
11533  37746
11534  38154
11535  38406
11536  37314
11537  37744
11538  37775
11539  36827
11540  39924
11541  39500
11542  37738
11543  38125
11544  38059
11545  35751
11546  37047
11547  36115
11548  38329
11549  34410
11550  36458
11551  36826
11552  36799
11553  36802
11554  37004
11555  37550
11556  36503
11557  36205
11558  36572
11559  37315
11560  37898
11561  37918
11562  36204
11563  38496
11564  36428
11565  38812
11566  36732
11567  34296
11568  36259
11569  35740
11570  33116
11571  35776
11572  35049
11573  37347
11574  36110
11575  35835
11576  34349
11577  35298
11578  32911
11579  35421
11580  34480
11581  35024
11582  34268
11583  34650
11584  35004
11585  35442
11586  36522
11587  35448
11588  33321
11589  34413
11590  35053
11591  34650
11592  33316
11593  33264
11594  34633
11595  35754
11596  33143
11597  33617
11598  33494
11599  32492
11600  33800
11601  33528
11602  34836
11603  33202
11604  34945
11605  34932
11606  34994
11607  33011
11608  32370
11609  33850
11610  31753
11611  34118
11612  33884
11613  30679
11614  33401
11615  34540
11616  33815
11617  32789
11618  33806
11619  32569
11620  32282
11621  33124
11622  34786
11623  33248
11624  32601
11625  31746
11626  30840
11627  33113
11628  31971
11629  31573
11630  33697
11631  31485
11632  31265
11633  31843
11634  32269
11635  31804
11636  33638
11637  30025
11638  31429
11639  30923
11640  32216
11641  31837
11642  30344
11643  33888
11644  30115
11645  32816
11646  30796
11647  30559
11648  30549
11649  31947
11650  32765
11651  31315
11652  28790
11653  30577
11654  31401
11655  29518
11656  30311
11657  30670
11658  29310
11659  32280
11660  29967
11661  31465
11662  30067
11663  28810
11664  28723
11665  29722
11666  30430
11667  28052
11668  28143
11669  29281
11670  28583
11671  27352
11672  28049
11673  30008
11674  28675
11675  27783
11676  28434
11677  29646
11678  29242
11679  29802
11680  29373
11681  30799
11682  28481
11683  28255
11684  29118
11685  29072
11686  27716
11687  30946
11688  29255
11689  29693
11690  28178
11691  28738
11692  28591
11693  29636
11694  27889
11695  28676
11696  26372
11697  29470
11698  30161
11699  26492
11700  28457
11701  26696
11702  28546
11703  25512
11704  25943
11705  28315
11706  28869
11707  26977
11708  27371
11709  28013
11710  27801
11711  25945
11712  27760
11713  27019
11714  28714
11715  30610
11716  26274
11717  27159
11718  27374
11719  26079
11720  27240
11721  27425
11722  26001
11723  24395
11724  26095
11725  25281
11726  27922
11727  27434
11728  25258
11729  26737
11730  28366
11731  26398
11732  24394
11733  26356
11734  25550
11735  25866
11736  25983
11737  25117
11738  26377
11739  25349
11740  27307
11741  25748
11742  26646
11743  25809
11744  26931
11745  24874
11746  25673
11747  26513
11748  26476
11749  24445
11750  24942
11751  27594
11752  27589
11753  27272
11754  24583
11755  24718
11756  24019
11757  24835
11758  25129
11759  26309
11760  25743
11761  25308
11762  26137
11763  25006
11764  24431
11765  25497
11766  23735
11767  24430
11768  24181
11769  24440
11770  24207
11771  23609
11772  22775
11773  25896
11774  22830
11775  22681
11776  25789
11777  24869
11778  23383
11779  22897
11780  23618
11781  25043
11782  25880
11783  23312
11784  24079
11785  23494
11786  22634
11787  25785
11788  22183
11789  25509
11790  24896
11791  24918
11792  22492
11793  24803
11794  24133
11795  25099
11796  23649
11797  25575
11798  22241
11799  23453
11800  22761
11801  23161
11802  23651
11803  21544
11804  24277
11805  22524
11806  22787
11807  22789
11808  23705
11809  23064
11810  23132
11811  22522
11812  21536
11813  21889
11814  22884
11815  21363
11816  23012
11817  23676
11818  23445
11819  23354
11820  22091
11821  22840
11822  22424
11823  21725
11824  21251
11825  23673
11826  22973
11827  20714
11828  23052
11829  21211
11830  22048
11831  22397
11832  21126
11833  22797
11834  22935
11835  20258
11836  20377
11837  21295
11838  20010
11839  21173
11840  21498
11841  21673
11842  20959
11843  21959
11844  20793
11845  22202
11846  22293
11847  20369
11848  21175
11849  21090
11850  20895
11851  19002
11852  21637
11853  22398
11854  20561
11855  19371
11856  19367
11857  21288
11858  19862
11859  20956
11860  20570
11861  19696
11862  20018
11863  19607
11864  22286
11865  19359
11866  20272
11867  19648
11868  19781
11869  19700
11870  20242
11871  19973
11872  20860
11873  20627
11874  19260
11875  19415
11876  19675
11877  19030
11878  19511
11879  19629
11880  18895
11881  18899
11882  19612
11883  18921
11884  19728
11885  20203
11886  17638
11887  19828
11888  22366
11889  18102
11890  19008
11891  19402
11892  21222
11893  19403
11894  18428
11895  17417
11896  18782
11897  17342
11898  20010
11899  19680
11900  18873
11901  18893
11902  19836
11903  19710
11904  17587
11905  19158
11906  19808
11907  17344
11908  18068
11909  19054
11910  18175
11911  19316
11912  19043
11913  18448
11914  18934
11915  17955
11916  18477
11917  18661
11918  18378
11919  17030
11920  18186
11921  17438
11922  16875
11923  18321
11924  19559
11925  17787
11926  17764
11927  18555
11928  16398
11929  18669
11930  17201
11931  18078
11932  16731
11933  17592
11934  17491
11935  18266
11936  17601
11937  16524
11938  19701
11939  17196
11940  17239
11941  17355
11942  20185
11943  15126
11944  17340
11945  16680
11946  16993
11947  18511
11948  17602
11949  15902
11950  16700
11951  17711
11952  17607
11953  16902
11954  16709
11955  17930
11956  15483
11957  16599
11958  17279
11959  15597
11960  17167
11961  17094
11962  17805
11963  16785
11964  16328
11965  14823
11966  15965
11967  15665
11968  14793
11969  17069
11970  16628
11971  17391
11972  16144
11973  16508
11974  16215
11975  15827
11976  15922
11977  16438
11978  16432
11979  17781
11980  16218
11981  15791
11982  16624
11983  16668
11984  15951
11985  14396
11986  15916
11987  16691
11988  14855
11989  14866
11990  15966
11991  15023
11992  15895
11993  14581
11994  14468
11995  15689
11996  15365
11997  14289
11998  15018
11999  14743
12000  15393
12001  14927
12002  14072
12003  15241
12004  15665
12005  14376
12006  15994
12007  16086
12008  14087
12009  15105
12010  14616
12011  15781
12012  13941
12013  16196
12014  14661
12015  15112
12016  14850
12017  15022
12018  16108
12019  14133
12020  13574
12021  12582
12022  16010
12023  14490
12024  14648
12025  14773
12026  15487
12027  13639
12028  15429
12029  14928
12030  14092
12031  13959
12032  14637
12033  15141
12034  14494
12035  13831
12036  14157
12037  14711
12038  14727
12039  13462
12040  13212
12041  14436
12042  14151
12043  12870
12044  14624
12045  14206
12046  14095
12047  13903
12048  13378
12049  14193
12050  14463
12051  14667
12052  14155
12053  14614
12054  12957
12055  13177
12056  12812
12057  13493
12058  13178
12059  13739
12060  14087
12061  12333
12062  13677
12063  12693
12064  14443
12065  14395
12066  13341
12067  13020
12068  14626
12069  13668
12070  13077
12071  14353
12072  14567
12073  12556
12074  13399
12075  12609
12076  14055
12077  13849
12078  13226
12079  13295
12080  13333
12081  12643
12082  13296
12083  13413
12084  13586
12085  13077
12086  12751
12087  12493
12088  14553
12089  12189
12090  13594
12091  12773
12092  12778
12093  13912
12094  12068
12095  12711
12096  11785
12097  13027
12098  12885
12099  12770
12100  12191
12101  13097
12102  12122
12103  11440
12104  13033
12105  12394
12106  12128
12107  12150
12108  12383
12109  12546
12110  11265
12111  12655
12112  12522
12113  12066
12114  12634
12115  12933
12116  11456
12117  12355
12118  12518
12119  11711
12120  11438
12121  12777
12122  12528
12123  11207
12124  12227
12125  10779
12126  11540
12127  11677
12128  11146
12129  11467
12130  12264
12131  13046
12132  12265
12133  12193
12134  11192
12135  11957
12136  12378
12137  11678
12138  12095
12139  10706
12140  10994
12141  12224
12142  10472
12143  12335
12144  11289
12145  12298
12146  11071
12147  11177
12148  9364
12149  11404
12150  10598
12151  11707
12152  12539
12153  9895
12154  11729
12155  12299
12156  10188
12157  11249
12158  11158
12159  10714
12160  10817
12161  10603
12162  10656
12163  11013
12164  10999
12165  11934
12166  10616
12167  10354
12168  10903
12169  10754
12170  10647
12171  10540
12172  11290
12173  11082
12174  11021
12175  11144
12176  12060
12177  10985
12178  10369
12179  11452
12180  10882
12181  10100
12182  10532
12183  10568
12184  11140
12185  10332
12186  9861
12187  11498
12188  10341
12189  10421
12190  10203
12191  9788
12192  10293
12193  10851
12194  10960
12195  10471
12196  10284
12197  9893
12198  10330
12199  10559
12200  11074
12201  10088
12202  10783
12203  11705
12204  9745
12205  8532
12206  9627
12207  9875
12208  10989
12209  9317
12210  10465
12211  10188
12212  10896
12213  9637
12214  9378
12215  10962
12216  9785
12217  8852
12218  9429
12219  9979
12220  9138
12221  9477
12222  10154
12223  9648
12224  8914
12225  10800
12226  8929
12227  9204
12228  9686
12229  8219
12230  8642
12231  9800
12232  10053
12233  9710
12234  10700
12235  9624
12236  9965
12237  9981
12238  9681
12239  9286
12240  9600
12241  10352
12242  11283
12243  9987
12244  9783
12245  8846
12246  9353
12247  8950
12248  9528
12249  9384
12250  8659
12251  9123
12252  8868
12253  9084
12254  9860
12255  8779
12256  8534
12257  8757
12258  9525
12259  8993
12260  9002
12261  9142
12262  7749
12263  9666
12264  9075
12265  8334
12266  9266
12267  9709
12268  9030
12269  7658
12270  8301
12271  9810
12272  8669
12273  9160
12274  9581
12275  8362
12276  8727
12277  9988
12278  8959
12279  8355
12280  8743
12281  8423
12282  10131
12283  8361
12284  8315
12285  8082
12286  8015
12287  9437
12288  9411
12289  8631
12290  9447
12291  8418
12292  8315
12293  8615
12294  8495
12295  9092
12296  9447
12297  9363
12298  8679
12299  8821
12300  8634
12301  8591
12302  8711
12303  7667
12304  8544
12305  8375
12306  9657
12307  7757
12308  8056
12309  8069
12310  8440
12311  9250
12312  8752
12313  8714
12314  8682
12315  8259
12316  8597
12317  8132
12318  8612
12319  8726
12320  9343
12321  8167
12322  9321
12323  8386
12324  9473
12325  7696
12326  7666
12327  8393
12328  6944
12329  8255
12330  9320
12331  8528
12332  8127
12333  7680
12334  9166
12335  7915
12336  7856
12337  8350
12338  8770
12339  8099
12340  7630
12341  7353
12342  7576
12343  9127
12344  8466
12345  9217
12346  7644
12347  8620
12348  8889
12349  9807
12350  7611
12351  7673
12352  8391
12353  7933
12354  9165
12355  8399
12356  8212
12357  7695
12358  6950
12359  8384
12360  8590
12361  7310
12362  8492
12363  8810
12364  8253
12365  8018
12366  7757
12367  8002
12368  7709
12369  9705
12370  8472
12371  8031
12372  7629
12373  8104
12374  8358
12375  7713
12376  8385
12377  8045
12378  7674
12379  7970
12380  8251
12381  8231
12382  8042
12383  8848
12384  8949
12385  7052
12386  7604
12387  8099
12388  7689
12389  8203
12390  8081
12391  7812
12392  7744
12393  8124
12394  8219
12395  8228
12396  7349
12397  7531
12398  7648
12399  7317
12400  8197
12401  8673
12402  8262
12403  7817
12404  8023
12405  8166
12406  7229
12407  6928
12408  7133
12409  7673
12410  8057
12411  8119
12412  8496
12413  8141
12414  7714
12415  8434
12416  7379
12417  9043
12418  6903
12419  8409
12420  7910
12421  7797
12422  8649
12423  7659
12424  8130
12425  8422
12426  8050
12427  8403
12428  7792
12429  6627
12430  8497
12431  7854
12432  7687
12433  7367
12434  8883
12435  7531
12436  7074
12437  6861
12438  9389
12439  8854
12440  8556
12441  8397
12442  7527
12443  7655
12444  7748
12445  7602
12446  7101
12447  7654
12448  8097
12449  7223
12450  7622
12451  7826
12452  7372
12453  7622
12454  7681
12455  7109
12456  8755
12457  7871
12458  6856
12459  7581
12460  7251
12461  7449
12462  7716
12463  8552
12464  8164
12465  7575
12466  7951
12467  8210
12468  6600
12469  7709
12470  6815
12471  6837
12472  8203
12473  7379
12474  8096
12475  7161
12476  7673
12477  8267
12478  8062
12479  8273
12480  7660
12481  7734
12482  8820
12483  7650
12484  6867
12485  6760
12486  8372
12487  7649
12488  8054
12489  7704
12490  7719
12491  7584
12492  7518
12493  7634
12494  7711
12495  8174
12496  7867
12497  7814
12498  7545
12499  8516
12500  8209
12501  7836
12502  8054
12503  7098
12504  7639
12505  7807
12506  7644
12507  7857
12508  8862
12509  7513
12510  7894
12511  7544
12512  7076
12513  7383
12514  7603
12515  7301
12516  8314
12517  7127
12518  7005
12519  7819
12520  8703
12521  7314
12522  8475
12523  7240
12524  6736
12525  8016
12526  6901
12527  7118
12528  8145
12529  7895
12530  7275
12531  7512
12532  7798
12533  7105
12534  7495
12535  8015
12536  8430
12537  7194
12538  9079
12539  9043
12540  7018
12541  7478
12542  7815
12543  8227
12544  7709
12545  7149
12546  7515
12547  7463
12548  7548
12549  7579
12550  7492
12551  7815
12552  7853
12553  8754
12554  8152
12555  7964
12556  7705
12557  7676
12558  7514
12559  7285
12560  6896
12561  8622
12562  7031
12563  7675
12564  8220
12565  7550
12566  8310
12567  7628
12568  8254
12569  7439
12570  8176
12571  7852
12572  7200
12573  7660
12574  8853
12575  7045
12576  7331
12577  6746
12578  7235
12579  8097
12580  7848
12581  8723
12582  6905
12583  7638
12584  7931
12585  6859
12586  6837
12587  7441
12588  7925
12589  7325
12590  6727
12591  7885
12592  7373
12593  8959
12594  7140
12595  7938
12596  8476
12597  7168
12598  7552
12599  7123
12600  6806
12601  6839
12602  8073
12603  7755
12604  7598
12605  8685
12606  7835
12607  7898
12608  7593
12609  8447
12610  7595
12611  8581
12612  9159
12613  8105
12614  8564
12615  7322
12616  7977
12617  8231
12618  8699
12619  7765
12620  7945
12621  7518
12622  8276
12623  8699
12624  7873
12625  6965
12626  8220
12627  8690
12628  8440
12629  7437
12630  7462
12631  7884
12632  7522
12633  8765
12634  7674
12635  7117
12636  7307
12637  7065
12638  7521
12639  7319
12640  6853
12641  6820
12642  6838
12643  7189
12644  8125
12645  7579
12646  7455
12647  7650
12648  7467
12649  8188
12650  7449
12651  7462
12652  8163
12653  7941
12654  6671
12655  8117
12656  8083
12657  8622
12658  7857
12659  7638
12660  6700
12661  7692
12662  7139
12663  7214
12664  7198
12665  6986
12666  7587
12667  7780
12668  7161
12669  8131
12670  7183
12671  8148
12672  6707
12673  7987
12674  7140
12675  7866
12676  7860
12677  7621
12678  7626
12679  7687
12680  7891
12681  7113
12682  6754
12683  8186
12684  8235
12685  7080
12686  7424
12687  8041
12688  7245
12689  7520
12690  7926
12691  7519
12692  7671
12693  6912
12694  6720
12695  7531
12696  7005
12697  8004
12698  7028
12699  7416
12700  7103
12701  9576
12702  6984
12703  6805
12704  7845
12705  7496
12706  8271
12707  7194
12708  7300
12709  7085
12710  6919
12711  6351
12712  7386
12713  8126
12714  6652
12715  8287
12716  5984
12717  7763
12718  6665
12719  7053
12720  6838
12721  6624
12722  7443
12723  7650
12724  7692
12725  7496
12726  8267
12727  7167
12728  7323
12729  7268
12730  7005
12731  7050
12732  7097
12733  6690
12734  6776
12735  6908
12736  6192
12737  7068
12738  6422
12739  7046
12740  7031
12741  6616
12742  7391
12743  5690
12744  6887
12745  6010
12746  6859
12747  6411
12748  7361
12749  7042
12750  6396
12751  5298
12752  6751
12753  6885
12754  7280
12755  6912
12756  6801
12757  6827
12758  6737
12759  6803
12760  7026
12761  8251
12762  6781
12763  7360
12764  6854
12765  6484
12766  7256
12767  6820
12768  5956
12769  6640
12770  6426
12771  7215
12772  6499
12773  6189
12774  6358
12775  6704
12776  6702
12777  6861
12778  6271
12779  5853
12780  6768
12781  6231
12782  6612
12783  5733
12784  5838
12785  6856
12786  6030
12787  6310
12788  5980
12789  6408
12790  5950
12791  6614
12792  6052
12793  5874
12794  6541
12795  6540
12796  5633
12797  5979
12798  5800
12799  6389
12800  6088
12801  5738
12802  5796
12803  5298
12804  5485
12805  5684
12806  6330
12807  5309
12808  5901
12809  5885
12810  6029
12811  5886
12812  6099
12813  5820
12814  5274
12815  5934
12816  5838
12817  5420
12818  6189
12819  5885
12820  5343
12821  6254
12822  5062
12823  5170
12824  6179
12825  6142
12826  4881
12827  5412
12828  4862
12829  6136
12830  5457
12831  5863
12832  5330
12833  5501
12834  5923
12835  5270
12836  5101
12837  5573
12838  4835
12839  5269
12840  5254
12841  5147
12842  5978
12843  6107
12844  4827
12845  5827
12846  4011
12847  4444
12848  4880
12849  5577
12850  4751
12851  4956
12852  4479
12853  5308
12854  5602
12855  4497
12856  4042
12857  5305
12858  5275
12859  5399
12860  4791
12861  4703
12862  4209
12863  4240
12864  5541
12865  4734
12866  4348
12867  4558
12868  4455
12869  4184
12870  5043
12871  4643
12872  4802
12873  4446
12874  4513
12875  3904
12876  4627
12877  4354
12878  5384
12879  4802
12880  4061
12881  4591
12882  4706
12883  4832
12884  4328
12885  3556
12886  4112
12887  4242
12888  3999
12889  4661
12890  4684
12891  4715
12892  3193
12893  4113
12894  4045
12895  3878
12896  3859
12897  3722
12898  4490
12899  4018
12900  4379
12901  4460
12902  3456
12903  3999
12904  3858
12905  4383
12906  2972
12907  4480
12908  3905
12909  4279
12910  3326
12911  3653
12912  3484
12913  3940
12914  4681
12915  3371
12916  3077
12917  4021
12918  3522
12919  2906
12920  3065
12921  3772
12922  4078
12923  3600
12924  3084
12925  2791
12926  3717
12927  3445
12928  3258
12929  3361
12930  3702
12931  2963
12932  3209
12933  3741
12934  3747
12935  3184
12936  2811
12937  3337
12938  3198
12939  3646
12940  3068
12941  2484
12942  2544
12943  2984
12944  2478
12945  3071
12946  2957
12947  3185
12948  2980
12949  2468
12950  3317
12951  2597
12952  2871
12953  2386
12954  3304
12955  3129
12956  3387
12957  2839
12958  2846
12959  2915
12960  2694
12961  2843
12962  2322
12963  2291
12964  2481
12965  2693
12966  2212
12967  3049
12968  2457
12969  2570
12970  2611
12971  2276
12972  2717
12973  2365
12974  2118
12975  2386
12976  1958
12977  2700
12978  2284
12979  2316
12980  2809
12981  2619
12982  2766
12983  2174
12984  1900
12985  1763
12986  1961
12987  1972
12988  1848
12989  1761
12990  1941
12991  2315
12992  2550
12993  2175
12994  2279
12995  1900
12996  2120
12997  2444
12998  2326
12999  1954
13000  1970
13001  2292
13002  2389
13003  1760
13004  1683
13005  1884
13006  1737
13007  1783
13008  1770
13009  1553
13010  2022
13011  1589
13012  2174
13013  1756
13014  1833
13015  2112
13016  2141
13017  1860
13018  1305
13019  1763
13020  1770
13021  2007
13022  1512
13023  2280
13024  1601
13025  1906
13026  1700
13027  1249
13028  1453
13029  1689
13030  1428
13031  1170
13032  1646
13033  1306
13034  1274
13035  1513
13036  1448
13037  1613
13038  1749
13039  1701
13040  1494
13041  1849
13042  1993
13043  1943
13044  1362
13045  1702
13046  1428
13047  1318
13048  1203
13049  1434
13050  1264
13051  1347
13052  1026
13053  1311
13054  1785
13055  1504
13056  1666
13057  1448
13058  1468
13059  1705
13060  1266
13061  1445
13062  1100
13063  1468
13064  1221
13065  1263
13066  914
13067  1186
13068  1378
13069  1648
13070  811
13071  1344
13072  800
13073  953
13074  1118
13075  852
13076  740
13077  1163
13078  829
13079  1052
13080  925
13081  1506
13082  554
13083  1187
13084  1045
13085  972
13086  735
13087  1294
13088  1109
13089  1196
13090  991
13091  949
13092  833
13093  815
13094  731
13095  1054
13096  1224
13097  808
13098  574
13099  624
13100  576
13101  1089
13102  895
13103  733
13104  927
13105  909
13106  1015
13107  1140
13108  1206
13109  505
13110  655
13111  665
13112  950
13113  780
13114  713
13115  429
13116  732
13117  949
13118  738
13119  743
13120  535
13121  892
13122  464
13123  606
13124  568
13125  498
13126  425
13127  753
13128  475
13129  668
13130  564
13131  598
13132  403
13133  911
13134  505
13135  366
13136  517
13137  625
13138  506
13139  677
13140  514
13141  459
13142  528
13143  540
13144  344
13145  691
13146  720
13147  409
13148  565
13149  500
13150  321
13151  528
13152  305
13153  446
13154  352
13155  429
13156  529
13157  597
13158  431
13159  299
13160  537
13161  453
13162  482
13163  335
13164  475
13165  271
13166  425
13167  372
13168  308
13169  378
13170  362
13171  303
13172  189
13173  436
13174  348
13175  319
13176  488
13177  211
13178  367
13179  389
13180  331
13181  345
13182  321
13183  170
13184  413
13185  669
13186  217
13187  424
13188  99
13189  386
13190  153
13191  287
13192  601
13193  630
13194  164
13195  294
13196  186
13197  326
13198  269
13199  232
13200  216
13201  155
13202  160
13203  354
13204  236
13205  153
13206  162
13207  120
13208  107
13209  126
13210  234
13211  200
13212  156
13213  94
13214  146
13215  149
13216  79
13217  139
13218  209
13219  145
13220  92
13221  151
13222  203
13223  98
13224  217
13225  183
13226  217
13227  154
13228  166
13229  214
13230  110
13231  66
13232  127
13233  239
13234  109
13235  117
13236  106
13237  147
13238  206
13239  69
13240  108
13241  94
13242  96
13243  182
13244  87
13245  158
13246  48
13247  63
13248  194
13249  113
13250  90
13251  61
13252  214
13253  127
13254  10
13255  63
13256  92
13257  69
13258  99
13259  43
13260  190
13261  105
13262  85
13263  80
13264  174
13265  15
13266  14
13267  32
13268  32
13269  69
13270  29
13271  71
13272  45
13273  70
13274  13
13275  72
13276  50
13277  51
13278  194
13279  39
13280  55
13281  51
13282  29
13283  72
13284  37
13285  31
13286  154
13287  27
13288  40
13289  51
13290  24
13291  84
13292  74
13293  77
13294  48
13295  14
13296  59
13297  18
13298  10
13299  14
13300  10
13301  31
13302  71
13303  17
13304  13
13305  85
13306  7
13307  93
13308  31
13309  33
13310  28
13311  29
13312  96
13313  62
13314  34
13315  100
13316  40
13317  22
13318  17
13319  42
13320  39
13321  32
13322  37
13324  33
13325  12
13326  52
13327  4
13328  12
13329  23
13330  25
13332  10
13335  51
13336  137
13337  34
13338  49
13339  11
13340  16
13341  13
13342  42
13343  22
13346  17
13347  21
13349  1
13351  12
13352  39
13353  5
13354  17
13357  24
13358  9
13359  8
13360  8
13361  9
13362  9
13364  14
13366  11
13367  11
13369  21
13370  7
13373  4
13374  28
13378  26
13379  15
13381  4
13383  6
13384  30
13387  5
13388  36
13391  26
13394  21
13396  11
13397  2
13398  10
13399  18
13400  17
13408  27
13409  22
13414  18
13416  8
13419  10
13421  22
13426  7
13430  5
13437  25
13438  1
13441  5
13446  11
13464  15
13478  19
13549  6
