8469  7
8523  12
8538  209
8550  10
8585  1
8601  6
8605  14
8611  14
8616  4
8617  13
8620  12
8633  9
8636  7
8637  6
8646  4
8649  5
8657  4
8664  4
8668  28
8671  9
8681  4
8682  2
8683  4
8687  6
8689  15
8690  5
8691  12
8693  1
8695  3
8696  6
8698  3
8700  11
8702  16
8706  13
8709  15
8712  18
8716  17
8719  43
8720  8
8721  19
8724  5
8725  4
8726  2
8731  3
8734  8
8736  19
8737  5
8738  16
8740  40
8741  2
8742  12
8743  9
8744  10
8745  9
8746  10
8752  26
8754  23
8755  11
8756  2
8757  2
8758  18
8761  35
8763  12
8765  13
8766  3
8767  9
8768  7
8769  14
8770  202
8771  25
8772  2
8775  5
8776  18
8777  5
8778  6
8779  31
8780  8
8781  8
8782  13
8783  17
8785  4
8787  6
8788  15
8789  27
8790  20
8791  138
8792  12
8793  4
8794  28
8795  27
8796  8
8797  22
8799  18
8800  29
8801  17
8802  11
8803  12
8804  15
8805  7
8806  22
8807  6
8808  5
8809  31
8810  34
8811  24
8812  72
8813  9
8814  10
8815  12
8816  16
8817  16
8819  24
8820  38
8821  19
8822  13
8823  284
8824  6
8825  128
8826  7
8827  53
8828  15
8829  21
8830  2
8831  58
8832  26
8833  54
8834  35
8835  44
8836  35
8837  31
8838  18
8839  49
8840  30
8841  68
8842  67
8843  15
8844  96
8845  41
8846  55
8847  64
8848  33
8849  27
8850  46
8851  46
8852  68
8853  67
8854  89
8855  49
8856  44
8857  31
8858  68
8859  103
8860  52
8861  73
8862  17
8863  14
8864  97
8865  76
8866  79
8867  79
8868  104
8869  59
8870  73
8871  76
8872  92
8873  71
8874  156
8875  94
8876  102
8877  124
8878  105
8879  81
8880  92
8881  187
8882  100
8883  52
8884  75
8885  117
8886  118
8887  55
8888  139
8889  69
8890  230
8891  102
8892  68
8893  116
8894  103
8895  118
8896  173
8897  308
8898  330
8899  180
8900  105
8901  151
8902  89
8903  415
8904  159
8905  166
8906  145
8907  156
8908  128
8909  179
8910  158
8911  255
8912  420
8913  216
8914  178
8915  158
8916  405
8917  233
8918  224
8919  177
8920  172
8921  224
8922  203
8923  216
8924  306
8925  302
8926  175
8927  267
8928  500
8929  331
8930  286
8931  483
8932  242
8933  487
8934  331
8935  235
8936  257
8937  248
8938  321
8939  392
8940  234
8941  366
8942  332
8943  306
8944  329
8945  379
8946  269
8947  376
8948  270
8949  496
8950  484
8951  308
8952  585
8953  408
8954  590
8955  358
8956  675
8957  502
8958  473
8959  495
8960  796
8961  494
8962  612
8963  482
8964  483
8965  844
8966  745
8967  1064
8968  536
8969  729
8970  985
8971  665
8972  805
8973  924
8974  999
8975  679
8976  732
8977  1005
8978  934
8979  933
8980  893
8981  964
8982  1072
8983  1043
8984  1083
8985  1490
8986  1447
8987  1091
8988  1720
8989  888
8990  1259
8991  1225
8992  1328
8993  1227
8994  1656
8995  1286
8996  1503
8997  1331
8998  1139
8999  1815
9000  1607
9001  1450
9002  1879
9003  2328
9004  1834
9005  1299
9006  1998
9007  1810
9008  2264
9009  1797
9010  2101
9011  2245
9012  2376
9013  2265
9014  2245
9015  2359
9016  2434
9017  2595
9018  3321
9019  2405
9020  2307
9021  2820
9022  3166
9023  2961
9024  2893
9025  3776
9026  3486
9027  3035
9028  3319
9029  3713
9030  3470
9031  3812
9032  4678
9033  4124
9034  3621
9035  3893
9036  4136
9037  4662
9038  4287
9039  5951
9040  4151
9041  4493
9042  4466
9043  4814
9044  4958
9045  5174
9046  6049
9047  5982
9048  5786
9049  5582
9050  6298
9051  5577
9052  5984
9053  6994
9054  6768
9055  6295
9056  6513
9057  8032
9058  8008
9059  6777
9060  7554
9061  7014
9062  7249
9063  7793
9064  8661
9065  9170
9066  8717
9067  9213
9068  9061
9069  9660
9070  10430
9071  10585
9072  10188
9073  11436
9074  12347
9075  11269
9076  11203
9077  12809
9078  13195
9079  13265
9080  14331
9081  12828
9082  13486
9083  13942
9084  13609
9085  13822
9086  13805
9087  15192
9088  14572
9089  16537
9090  15868
9091  16606
9092  17023
9093  17766
9094  20098
9095  17657
9096  18750
9097  20998
9098  20079
9099  20670
9100  19633
9101  20340
9102  20907
9103  22889
9104  24628
9105  22514
9106  24429
9107  24483
9108  24730
9109  24976
9110  26718
9111  24496
9112  26088
9113  26812
9114  29278
9115  27844
9116  33439
9117  29531
9118  30923
9119  31728
9120  30904
9121  29483
9122  31015
9123  33516
9124  34278
9125  34443
9126  35947
9127  35245
9128  36789
9129  38634
9130  38286
9131  38339
9132  39824
9133  41704
9134  41146
9135  44902
9136  45159
9137  43021
9138  44824
9139  43889
9140  45372
9141  44637
9142  46371
9143  49991
9144  51424
9145  52935
9146  52593
9147  53098
9148  54231
9149  54571
9150  54314
9151  54655
9152  60107
9153  57515
9154  58308
9155  56653
9156  64106
9157  64424
9158  66443
9159  64290
9160  65729
9161  68816
9162  66934
9163  71646
9164  72249
9165  70504
9166  73360
9167  75729
9168  77818
9169  74499
9170  77734
9171  79624
9172  79772
9173  78081
9174  80412
9175  83321
9176  84404
9177  84842
9178  86095
9179  86171
9180  87614
9181  88523
9182  92833
9183  92251
9184  95937
9185  94435
9186  96497
9187  100528
9188  100944
9189  99444
9190  104055
9191  99341
9192  107481
9193  106106
9194  104081
9195  105514
9196  109489
9197  110163
9198  115167
9199  115981
9200  116563
9201  120436
9202  120930
9203  120520
9204  120094
9205  124060
9206  126199
9207  126078
9208  124874
9209  128675
9210  130868
9211  125797
9212  130212
9213  137544
9214  133675
9215  137091
9216  140725
9217  142415
9218  141333
9219  145413
9220  142666
9221  147452
9222  145258
9223  145927
9224  149177
9225  152292
9226  149386
9227  158312
9228  157023
9229  155627
9230  157309
9231  159086
9232  163069
9233  160767
9234  159928
9235  158270
9236  168973
9237  166557
9238  174584
9239  173236
9240  168220
9241  174604
9242  177369
9243  179937
9244  178531
9245  181595
9246  179612
9247  182485
9248  184536
9249  181975
9250  186810
9251  191160
9252  190914
9253  190602
9254  192835
9255  196244
9256  195855
9257  195057
9258  196252
9259  203239
9260  202617
9261  195382
9262  202474
9263  209013
9264  207042
9265  206874
9266  208553
9267  207019
9268  210297
9269  212560
9270  214892
9271  211899
9272  213125
9273  216914
9274  218884
9275  218761
9276  225323
9277  221318
9278  226320
9279  223549
9280  224433
9281  225456
9282  227727
9283  233569
9284  227596
9285  225633
9286  235269
9287  229609
9288  233498
9289  236953
9290  238578
9291  233237
9292  232655
9293  241010
9294  236182
9295  244635
9296  241354
9297  247280
9298  242938
9299  245306
9300  246848
9301  245637
9302  246071
9303  255592
9304  243624
9305  248819
9306  251164
9307  249841
9308  251678
9309  246713
9310  247051
9311  254010
9312  255947
9313  254255
9314  259898
9315  256834
9316  261163
9317  259931
9318  266012
9319  263459
9320  265079
9321  261860
9322  256549
9323  258567
9324  255121
9325  263574
9326  266003
9327  264852
9328  262459
9329  264528
9330  264322
9331  264390
9332  260906
9333  272861
9334  262033
9335  267963
9336  271488
9337  268744
9338  266397
9339  277484
9340  268828
9341  266201
9342  274363
9343  269657
9344  272939
9345  268984
9346  270492
9347  280371
9348  276874
9349  280091
9350  273732
9351  267586
9352  277026
9353  276767
9354  278497
9355  277703
9356  280618
9357  270624
9358  273331
9359  278159
9360  275455
9361  277503
9362  269161
9363  278748
9364  279128
9365  276922
9366  275788
9367  272442
9368  282410
9369  273330
9370  277230
9371  284170
9372  276288
9373  283344
9374  276989
9375  282053
9376  274103
9377  277481
9378  271358
9379  282309
9380  276572
9381  272431
9382  278890
9383  277856
9384  275234
9385  283310
9386  275630
9387  279046
9388  277476
9389  276703
9390  271669
9391  277343
9392  280070
9393  269949
9394  284445
9395  274601
9396  276098
9397  274422
9398  267416
9399  264365
9400  272538
9401  274110
9402  270993
9403  277116
9404  270601
9405  274417
9406  275936
9407  270133
9408  267750
9409  265689
9410  275994
9411  267801
9412  266038
9413  269470
9414  269168
9415  273265
9416  270494
9417  270853
9418  270532
9419  265591
9420  268424
9421  267956
9422  270508
9423  268864
9424  270592
9425  273951
9426  267754
9427  271303
9428  263887
9429  268905
9430  270677
9431  266142
9432  258817
9433  266764
9434  261131
9435  271772
9436  270913
9437  265093
9438  264394
9439  276804
9440  266791
9441  256741
9442  257034
9443  266130
9444  270169
9445  259991
9446  256728
9447  262877
9448  265985
9449  265155
9450  267898
9451  272074
9452  263514
9453  266222
9454  266571
9455  259181
9456  266913
9457  263740
9458  262773
9459  260551
9460  258942
9461  262311
9462  264768
9463  269337
9464  265726
9465  261226
9466  269880
9467  261990
9468  264108
9469  263889
9470  264053
9471  268931
9472  266537
9473  266252
9474  268627
9475  269762
9476  262188
9477  270499
9478  269050
9479  273969
9480  262628
9481  264635
9482  271221
9483  271387
9484  264624
9485  268830
9486  269843
9487  264471
9488  269833
9489  265409
9490  258407
9491  267066
9492  271639
9493  270289
9494  264152
9495  271399
9496  272686
9497  272489
9498  267698
9499  273268
9500  278876
9501  271411
9502  267819
9503  273964
9504  269094
9505  273466
9506  279173
9507  278065
9508  278376
9509  274081
9510  276967
9511  275923
9512  275106
9513  277339
9514  277732
9515  278781
9516  281390
9517  263237
9518  271070
9519  276226
9520  278422
9521  276054
9522  277089
9523  280669
9524  280639
9525  274669
9526  283325
9527  293443
9528  279214
9529  283537
9530  284589
9531  281046
9532  285028
9533  279026
9534  282248
9535  283668
9536  281111
9537  284000
9538  286031
9539  281223
9540  289306
9541  276901
9542  289079
9543  272957
9544  297969
9545  287076
9546  290506
9547  286496
9548  286896
9549  289999
9550  283672
9551  292633
9552  289857
9553  294223
9554  291968
9555  284974
9556  294943
9557  298863
9558  296555
9559  287215
9560  300779
9561  301069
9562  295320
9563  293824
9564  296659
9565  290321
9566  293136
9567  297929
9568  300018
9569  290474
9570  298412
9571  292084
9572  299159
9573  303635
9574  301235
9575  301978
9576  307632
9577  307669
9578  296575
9579  302203
9580  308467
9581  312207
9582  308661
9583  306037
9584  308061
9585  307972
9586  310853
9587  305490
9588  312617
9589  303028
9590  314807
9591  303583
9592  306830
9593  321210
9594  315350
9595  310196
9596  312297
9597  318639
9598  314841
9599  327570
9600  316857
9601  317209
9602  319582
9603  325143
9604  309489
9605  316376
9606  322401
9607  324811
9608  325137
9609  321953
9610  321971
9611  323149
9612  318530
9613  323420
9614  331233
9615  325656
9616  320870
9617  330704
9618  335720
9619  334001
9620  321225
9621  340730
9622  321614
9623  340325
9624  328642
9625  326242
9626  329027
9627  333890
9628  328841
9629  332125
9630  332194
9631  339434
9632  344408
9633  336894
9634  337988
9635  340643
9636  343301
9637  339399
9638  340236
9639  333650
9640  336294
9641  343602
9642  344203
9643  342274
9644  336730
9645  337465
9646  344455
9647  342349
9648  342131
9649  339926
9650  347310
9651  351027
9652  351181
9653  354108
9654  347021
9655  348189
9656  352613
9657  345382
9658  343575
9659  348458
9660  353614
9661  344681
9662  345100
9663  352255
9664  350560
9665  349010
9666  350773
9667  345667
9668  353052
9669  352602
9670  347364
9671  344410
9672  358467
9673  347601
9674  357634
9675  358153
9676  351076
9677  356328
9678  361546
9679  356412
9680  354860
9681  354939
9682  352206
9683  362137
9684  361963
9685  352488
9686  369466
9687  352189
9688  361471
9689  358601
9690  357727
9691  361949
9692  367225
9693  361433
9694  365376
9695  365203
9696  366300
9697  361651
9698  372600
9699  364113
9700  362092
9701  365567
9702  371553
9703  360138
9704  374490
9705  369822
9706  367596
9707  375318
9708  374881
9709  376255
9710  380893
9711  377116
9712  370842
9713  372953
9714  369857
9715  378604
9716  372037
9717  376591
9718  384509
9719  386855
9720  384760
9721  379169
9722  380301
9723  370599
9724  374790
9725  371865
9726  379958
9727  386792
9728  376115
9729  383332
9730  382813
9731  371041
9732  380945
9733  387518
9734  380426
9735  380234
9736  385672
9737  374303
9738  383113
9739  382112
9740  389034
9741  383640
9742  387479
9743  382799
9744  383068
9745  381280
9746  384423
9747  386954
9748  394516
9749  384835
9750  383324
9751  396682
9752  389960
9753  391115
9754  388282
9755  382725
9756  382134
9757  385180
9758  391613
9759  388430
9760  389154
9761  387540
9762  383989
9763  385131
9764  400177
9765  391212
9766  386940
9767  396906
9768  404332
9769  396836
9770  392603
9771  395272
9772  401649
9773  401250
9774  399641
9775  391602
9776  398316
9777  401312
9778  392684
9779  402127
9780  402358
9781  402048
9782  401660
9783  405972
9784  403033
9785  401456
9786  406547
9787  402902
9788  409190
9789  398981
9790  407433
9791  405637
9792  414684
9793  410504
9794  412747
9795  406157
9796  405139
9797  409933
9798  410276
9799  404962
9800  404955
9801  407871
9802  411624
9803  405238
9804  409015
9805  412273
9806  416883
9807  414272
9808  422178
9809  428730
9810  413115
9811  415909
9812  416058
9813  416204
9814  416311
9815  420643
9816  414143
9817  417178
9818  417454
9819  415393
9820  419504
9821  425439
9822  417238
9823  419629
9824  427174
9825  419477
9826  424553
9827  421940
9828  414888
9829  422014
9830  416716
9831  418824
9832  417243
9833  423094
9834  422890
9835  418233
9836  417343
9837  429583
9838  424737
9839  423309
9840  424075
9841  432608
9842  433747
9843  428191
9844  428008
9845  421368
9846  426602
9847  425052
9848  427917
9849  426624
9850  426834
9851  439009
9852  423761
9853  433484
9854  438336
9855  426968
9856  421472
9857  430739
9858  437709
9859  429418
9860  424219
9861  433009
9862  432045
9863  440956
9864  439102
9865  433239
9866  440282
9867  424853
9868  434769
9869  438979
9870  437305
9871  438666
9872  428014
9873  432388
9874  438729
9875  434134
9876  430612
9877  426165
9878  436299
9879  435477
9880  439657
9881  431533
9882  434761
9883  445193
9884  440170
9885  432646
9886  435021
9887  445398
9888  440857
9889  440326
9890  446798
9891  445566
9892  440758
9893  447591
9894  437412
9895  450916
9896  442452
9897  441075
9898  435158
9899  444892
9900  437655
9901  448324
9902  447110
9903  446474
9904  443129
9905  436446
9906  444535
9907  438159
9908  446145
9909  448599
9910  451531
9911  440366
9912  445521
9913  447500
9914  441873
9915  444431
9916  445654
9917  433525
9918  439919
9919  441828
9920  455973
9921  453286
9922  443834
9923  453206
9924  448163
9925  450207
9926  443418
9927  446343
9928  450233
9929  446550
9930  448310
9931  455719
9932  445261
9933  449924
9934  448015
9935  444307
9936  437620
9937  452258
9938  444232
9939  445545
9940  449705
9941  453676
9942  450174
9943  448307
9944  445464
9945  450604
9946  449471
9947  453163
9948  450956
9949  451527
9950  443527
9951  451630
9952  452681
9953  465145
9954  455628
9955  452377
9956  455847
9957  464068
9958  462235
9959  451812
9960  455461
9961  459125
9962  462609
9963  462985
9964  472564
9965  460982
9966  459658
9967  459161
9968  466371
9969  459644
9970  453848
9971  458511
9972  463484
9973  464452
9974  460897
9975  467435
9976  456458
9977  471564
9978  448080
9979  465969
9980  464756
9981  469086
9982  465652
9983  464016
9984  466754
9985  459652
9986  460494
9987  471799
9988  460632
9989  473072
9990  456710
9991  456891
9992  464450
9993  459619
9994  470377
9995  464650
9996  466592
9997  465953
9998  464925
9999  480172
10000  463504
10001  468432
10002  468710
10003  462865
10004  470093
10005  464940
10006  463169
10007  475335
10008  463725
10009  474118
10010  469536
10011  469176
10012  476186
10013  472461
10014  474407
10015  477041
10016  466847
10017  471395
10018  471171
10019  475694
10020  471714
10021  454488
10022  473798
10023  464260
10024  466761
10025  473256
10026  462826
10027  463242
10028  461677
10029  469055
10030  472125
10031  470490
10032  462299
10033  469940
10034  471427
10035  469085
10036  472828
10037  471339
10038  472680
10039  472809
10040  471695
10041  467027
10042  470903
10043  465418
10044  478788
10045  466179
10046  472046
10047  466849
10048  468221
10049  471142
10050  467361
10051  468582
10052  469820
10053  467120
10054  474468
10055  475907
10056  472495
10057  465210
10058  464817
10059  482663
10060  468338
10061  461943
10062  462942
10063  469341
10064  455913
10065  473932
10066  462106
10067  474464
10068  466428
10069  470757
10070  473669
10071  471060
10072  471837
10073  469557
10074  472362
10075  475708
10076  473726
10077  477968
10078  463114
10079  464791
10080  467889
10081  468803
10082  469401
10083  468789
10084  465736
10085  461866
10086  477567
10087  471314
10088  462231
10089  480754
10090  469873
10091  457970
10092  466905
10093  476959
10094  467339
10095  468232
10096  467995
10097  463314
10098  472098
10099  464287
10100  471304
10101  473819
10102  460089
10103  467774
10104  470822
10105  465867
10106  469934
10107  468779
10108  471748
10109  474230
10110  472712
10111  473277
10112  467097
10113  465911
10114  465465
10115  462788
10116  468469
10117  468704
10118  465566
10119  471945
10120  460416
10121  457866
10122  472272
10123  475889
10124  463181
10125  475101
10126  471597
10127  470569
10128  463403
10129  461131
10130  457870
10131  459297
10132  461067
10133  459533
10134  473708
10135  464528
10136  470945
10137  463771
10138  470092
10139  463736
10140  456853
10141  463476
10142  464999
10143  470116
10144  468727
10145  453652
10146  452631
10147  459595
10148  458528
10149  452429
10150  462278
10151  465471
10152  467894
10153  458632
10154  456582
10155  455678
10156  448998
10157  470172
10158  466930
10159  471073
10160  467271
10161  456207
10162  458946
10163  467579
10164  463202
10165  456579
10166  460419
10167  467627
10168  454881
10169  457351
10170  452603
10171  455524
10172  467992
10173  459675
10174  456743
10175  455783
10176  459246
10177  451443
10178  454841
10179  443359
10180  454472
10181  445312
10182  453832
10183  456028
10184  455513
10185  454685
10186  452488
10187  458717
10188  453656
10189  448552
10190  456336
10191  459707
10192  452772
10193  453870
10194  450423
10195  455559
10196  450682
10197  450014
10198  461837
10199  453249
10200  452602
10201  448585
10202  448755
10203  450267
10204  452800
10205  449098
10206  429651
10207  449413
10208  452765
10209  439306
10210  437825
10211  445704
10212  441910
10213  443451
10214  444134
10215  460413
10216  436699
10217  444448
10218  447247
10219  436200
10220  447165
10221  441139
10222  443636
10223  450954
10224  443123
10225  444088
10226  433191
10227  435868
10228  434368
10229  437832
10230  434518
10231  443521
10232  439785
10233  432037
10234  428016
10235  439087
10236  425639
10237  435634
10238  431761
10239  439987
10240  441060
10241  429469
10242  430869
10243  432362
10244  430966
10245  428087
10246  430089
10247  428333
10248  429526
10249  429528
10250  431741
10251  426868
10252  432084
10253  420741
10254  428304
10255  421408
10256  416023
10257  425592
10258  423148
10259  415960
10260  417702
10261  425479
10262  422297
10263  424869
10264  416995
10265  417893
10266  418521
10267  410910
10268  422746
10269  423574
10270  414378
10271  410935
10272  417490
10273  413333
10274  415257
10275  415261
10276  411238
10277  423815
10278  423814
10279  415735
10280  415927
10281  417719
10282  413900
10283  421312
10284  405284
10285  414827
10286  412755
10287  416117
10288  417653
10289  414238
10290  417533
10291  408861
10292  400720
10293  408087
10294  405913
10295  409798
10296  414353
10297  409221
10298  402760
10299  403939
10300  418189
10301  404518
10302  414000
10303  404967
10304  398747
10305  403652
10306  403700
10307  402197
10308  400888
10309  399839
10310  403559
10311  400629
10312  392345
10313  405944
10314  394896
10315  400882
10316  394247
10317  399923
10318  401543
10319  392182
10320  394596
10321  393048
10322  395668
10323  391251
10324  386327
10325  387242
10326  395417
10327  399971
10328  382027
10329  388436
10330  384136
10331  390876
10332  395993
10333  385310
10334  385400
10335  385359
10336  379413
10337  386008
10338  382448
10339  378178
10340  382765
10341  384718
10342  377507
10343  375362
10344  380571
10345  381655
10346  383575
10347  377136
10348  378961
10349  382205
10350  365852
10351  371065
10352  377830
10353  369303
10354  371709
10355  374090
10356  358040
10357  373539
10358  367098
10359  368796
10360  368236
10361  369739
10362  375726
10363  369466
10364  361519
10365  366856
10366  370154
10367  362085
10368  359139
10369  363695
10370  367174
10371  366440
10372  365428
10373  357512
10374  358687
10375  364801
10376  360276
10377  360228
10378  355169
10379  353244
10380  357067
10381  355458
10382  353013
10383  353911
10384  348621
10385  343880
10386  355613
10387  353668
10388  347955
10389  354232
10390  345108
10391  350387
10392  343962
10393  343426
10394  347489
10395  345669
10396  349049
10397  343007
10398  341779
10399  345625
10400  343480
10401  344137
10402  339929
10403  341349
10404  344315
10405  340703
10406  339393
10407  336407
10408  334711
10409  334569
10410  332368
10411  329382
10412  338684
10413  331151
10414  333407
10415  326366
10416  332307
10417  324028
10418  332290
10419  327852
10420  329426
10421  326598
10422  336441
10423  333053
10424  324355
10425  327430
10426  318489
10427  329897
10428  321492
10429  319024
10430  316629
10431  323861
10432  325677
10433  313700
10434  314169
10435  314198
10436  321024
10437  314843
10438  309837
10439  314726
10440  317136
10441  310598
10442  311542
10443  312906
10444  309598
10445  313525
10446  305562
10447  304095
10448  318503
10449  308442
10450  307685
10451  307974
10452  296794
10453  307082
10454  306773
10455  298886
10456  294175
10457  297152
10458  300183
10459  304098
10460  298651
10461  303041
10462  297744
10463  301451
10464  295770
10465  294959
10466  299695
10467  291509
10468  292260
10469  298823
10470  294482
10471  288655
10472  296879
10473  287744
10474  279298
10475  295735
10476  290182
10477  280743
10478  283764
10479  282345
10480  283739
10481  287278
10482  278365
10483  287529
10484  286260
10485  278202
10486  282313
10487  286384
10488  276184
10489  279529
10490  276028
10491  280833
10492  274579
10493  280329
10494  282297
10495  272187
10496  278165
10497  272056
10498  267702
10499  272953
10500  271323
10501  265963
10502  269246
10503  268816
10504  263538
10505  268416
10506  262970
10507  263422
10508  268128
10509  269815
10510  260406
10511  262942
10512  262468
10513  262412
10514  266151
10515  257075
10516  256654
10517  259242
10518  262339
10519  260364
10520  256593
10521  253317
10522  249949
10523  255159
10524  256657
10525  250274
10526  254832
10527  248983
10528  255905
10529  249484
10530  249072
10531  248882
10532  251929
10533  251384
10534  243007
10535  241108
10536  242623
10537  242468
10538  235988
10539  248741
10540  248218
10541  240207
10542  240667
10543  240919
10544  239396
10545  240654
10546  234744
10547  231108
10548  240157
10549  244063
10550  239899
10551  235934
10552  236763
10553  231567
10554  234683
10555  229233
10556  239215
10557  229186
10558  229145
10559  227176
10560  236860
10561  234062
10562  218376
10563  226631
10564  227725
10565  225891
10566  227284
10567  217584
10568  226855
10569  228030
10570  226353
10571  221946
10572  225190
10573  220742
10574  224070
10575  218767
10576  214682
10577  216446
10578  218218
10579  216360
10580  219584
10581  209962
10582  208459
10583  217215
10584  216518
10585  213896
10586  216628
10587  218448
10588  208952
10589  210845
10590  213348
10591  200812
10592  212247
10593  213209
10594  212263
10595  203430
10596  200769
10597  210544
10598  205219
10599  207326
10600  199713
10601  203601
10602  210878
10603  201391
10604  198093
10605  199593
10606  202626
10607  198251
10608  197082
10609  201077
10610  194386
10611  199098
10612  202365
10613  197731
10614  205389
10615  197198
10616  202531
10617  188817
10618  193861
10619  190033
10620  195564
10621  192786
10622  187889
10623  187293
10624  186799
10625  185797
10626  192692
10627  187342
10628  185373
10629  189579
10630  189657
10631  188377
10632  190545
10633  184454
10634  187591
10635  175759
10636  183158
10637  183104
10638  182477
10639  184302
10640  184421
10641  185195
10642  179106
10643  184182
10644  175935
10645  181185
10646  179374
10647  179337
10648  179680
10649  173461
10650  178102
10651  177298
10652  177629
10653  177627
10654  172243
10655  174030
10656  169841
10657  172826
10658  169344
10659  173814
10660  167970
10661  168656
10662  170423
10663  172320
10664  165159
10665  167502
10666  163841
10667  165265
10668  168511
10669  166157
10670  168220
10671  167751
10672  167289
10673  162108
10674  168690
10675  161337
10676  158535
10677  163054
10678  165854
10679  163181
10680  166541
10681  162916
10682  164030
10683  158332
10684  158169
10685  160694
10686  158650
10687  158351
10688  156030
10689  158798
10690  160161
10691  157963
10692  157369
10693  153974
10694  150820
10695  155422
10696  152509
10697  159672
10698  152875
10699  153237
10700  150865
10701  153992
10702  147844
10703  153806
10704  150931
10705  151834
10706  147069
10707  151140
10708  152297
10709  147368
10710  148684
10711  148123
10712  150958
10713  150136
10714  149544
10715  143429
10716  146914
10717  148530
10718  147267
10719  140861
10720  141128
10721  139706
10722  144005
10723  144685
10724  142516
10725  142291
10726  142398
10727  140344
10728  140234
10729  142801
10730  141867
10731  141280
10732  135968
10733  144518
10734  142253
10735  137913
10736  137959
10737  139009
10738  139906
10739  135655
10740  139090
10741  138625
10742  144420
10743  136001
10744  134274
10745  130899
10746  127839
10747  131250
10748  134371
10749  134746
10750  134740
10751  133490
10752  130787
10753  128553
10754  135265
10755  141216
10756  130675
10757  134441
10758  127481
10759  131199
10760  130210
10761  126776
10762  132155
10763  129324
10764  129377
10765  131736
10766  131053
10767  130045
10768  124642
10769  128843
10770  130278
10771  127539
10772  128223
10773  129228
10774  130520
10775  128555
10776  122940
10777  124863
10778  122423
10779  122949
10780  126136
10781  129222
10782  127550
10783  127794
10784  123160
10785  119069
10786  124631
10787  119050
10788  125701
10789  119027
10790  122254
10791  122604
10792  116425
10793  126712
10794  116213
10795  116587
10796  122609
10797  122886
10798  128154
10799  121491
10800  119183
10801  115546
10802  126994
10803  121261
10804  121220
10805  119709
10806  120862
10807  112043
10808  122336
10809  115759
10810  119985
10811  116341
10812  118013
10813  114029
10814  118092
10815  113884
10816  115081
10817  119708
10818  111913
10819  115920
10820  119513
10821  110193
10822  110710
10823  109033
10824  110510
10825  113465
10826  113125
10827  111043
10828  109280
10829  112016
10830  111464
10831  116450
10832  107486
10833  112216
10834  112350
10835  108507
10836  112494
10837  112945
10838  115992
10839  106778
10840  114051
10841  112778
10842  107060
10843  111796
10844  107718
10845  112685
10846  109592
10847  108167
10848  106393
10849  109362
10850  112336
10851  109491
10852  107220
10853  104888
10854  104222
10855  106912
10856  113527
10857  106988
10858  108109
10859  103701
10860  107290
10861  107403
10862  107111
10863  107973
10864  109104
10865  105426
10866  106261
10867  102804
10868  106257
10869  108178
10870  108589
10871  105394
10872  107041
10873  102294
10874  106929
10875  110313
10876  105131
10877  99807
10878  102519
10879  106174
10880  104696
10881  102252
10882  101358
10883  106845
10884  102391
10885  105722
10886  102855
10887  108363
10888  102174
10889  107179
10890  97663
10891  99692
10892  100485
10893  101430
10894  95562
10895  99890
10896  103106
10897  100955
10898  99515
10899  103859
10900  101283
10901  98997
10902  97505
10903  100304
10904  101349
10905  106568
10906  96162
10907  100512
10908  97117
10909  96595
10910  101906
10911  97904
10912  101706
10913  94537
10914  104337
10915  98195
10916  98215
10917  96073
10918  97405
10919  92966
10920  93686
10921  96165
10922  98374
10923  98039
10924  99177
10925  95861
10926  99211
10927  97389
10928  96935
10929  94158
10930  94635
10931  94324
10932  94406
10933  93683
10934  99121
10935  93647
10936  93963
10937  97730
10938  94240
10939  93109
10940  98668
10941  97782
10942  91991
10943  89446
10944  93328
10945  90639
10946  92068
10947  98352
10948  95557
10949  100576
10950  91426
10951  96640
10952  95830
10953  98782
10954  90818
10955  92492
10956  97148
10957  98096
10958  93259
10959  96608
10960  94937
10961  93035
10962  91598
10963  94534
10964  92178
10965  93309
10966  95098
10967  93318
10968  92240
10969  91278
10970  94817
10971  92396
10972  94066
10973  93152
10974  91183
10975  89755
10976  91394
10977  91208
10978  86969
10979  92980
10980  92582
10981  90585
10982  88302
10983  91203
10984  93372
10985  90485
10986  89628
10987  87747
10988  88456
10989  90023
10990  87245
10991  82835
10992  88041
10993  87710
10994  93460
10995  89609
10996  89368
10997  88091
10998  89767
10999  90984
11000  90746
11001  89894
11002  93494
11003  88720
11004  93125
11005  90135
11006  89068
11007  84330
11008  84732
11009  86110
11010  81713
11011  89723
11012  93317
11013  89463
11014  86049
11015  87917
11016  84101
11017  89219
11018  86764
11019  86386
11020  88599
11021  86226
11022  88619
11023  87943
11024  85372
11025  84880
11026  85347
11027  86513
11028  85623
11029  87447
11030  82682
11031  87880
11032  85150
11033  85515
11034  86589
11035  87820
11036  83526
11037  84776
11038  87643
11039  85667
11040  83649
11041  80999
11042  85867
11043  79985
11044  81278
11045  85730
11046  83092
11047  83742
11048  85451
11049  83198
11050  85032
11051  80525
11052  86445
11053  82008
11054  83770
11055  84227
11056  80139
11057  85222
11058  81281
11059  79105
11060  81521
11061  84197
11062  80937
11063  80485
11064  81405
11065  79677
11066  80492
11067  81671
11068  77604
11069  81160
11070  82057
11071  78643
11072  80065
11073  82662
11074  79549
11075  81704
11076  75950
11077  83514
11078  82764
11079  84181
11080  76928
11081  83632
11082  74701
11083  79210
11084  85015
11085  74995
11086  83036
11087  81106
11088  78966
11089  81140
11090  77000
11091  76401
11092  79797
11093  79647
11094  82895
11095  77098
11096  79248
11097  72870
11098  83009
11099  78738
11100  73764
11101  80426
11102  76885
11103  75697
11104  80092
11105  77816
11106  77794
11107  76841
11108  76621
11109  75407
11110  76620
11111  74092
11112  73502
11113  75417
11114  77449
11115  76565
11116  72320
11117  79971
11118  75220
11119  72278
11120  74669
11121  69734
11122  76079
11123  71634
11124  77019
11125  78364
11126  77614
11127  70782
11128  74516
11129  72385
11130  68599
11131  71954
11132  69806
11133  73877
11134  71315
11135  68382
11136  74235
11137  72962
11138  73555
11139  70877
11140  74922
11141  70618
11142  68776
11143  75728
11144  74405
11145  69828
11146  73478
11147  72994
11148  72411
11149  73832
11150  71751
11151  73121
11152  72910
11153  74771
11154  75388
11155  74080
11156  73948
11157  71054
11158  69468
11159  72248
11160  75663
11161  70692
11162  66922
11163  76529
11164  70702
11165  71152
11166  69378
11167  72209
11168  71093
11169  72377
11170  68799
11171  69019
11172  67233
11173  70781
11174  73852
11175  72891
11176  67806
11177  74514
11178  67140
11179  72554
11180  71101
11181  67554
11182  67375
11183  71069
11184  71944
11185  66768
11186  67615
11187  71261
11188  67972
11189  68041
11190  69061
11191  69225
11192  69947
11193  70174
11194  69570
11195  73703
11196  67405
11197  69163
11198  69361
11199  69750
11200  65296
11201  68680
11202  71303
11203  70108
11204  66419
11205  67670
11206  67782
11207  66606
11208  65110
11209  67032
11210  64347
11211  67485
11212  67161
11213  64938
11214  67697
11215  68513
11216  65957
11217  65119
11218  64939
11219  65158
11220  67255
11221  64740
11222  65061
11223  66315
11224  66845
11225  63997
11226  63709
11227  65503
11228  69773
11229  61882
11230  64262
11231  65087
11232  65967
11233  61742
11234  63514
11235  66905
11236  64454
11237  66270
11238  62364
11239  66419
11240  60922
11241  62171
11242  65548
11243  64272
11244  62586
11245  61858
11246  67038
11247  63686
11248  65530
11249  65302
11250  60626
11251  67089
11252  67800
11253  62774
11254  63007
11255  62773
11256  63348
11257  62296
11258  60139
11259  63833
11260  62071
11261  63477
11262  61269
11263  64539
11264  62455
11265  60844
11266  64522
11267  60663
11268  61127
11269  62589
11270  62328
11271  64206
11272  57651
11273  62252
11274  63152
11275  60856
11276  59219
11277  60164
11278  57845
11279  59395
11280  59245
11281  63076
11282  60189
11283  59294
11284  58842
11285  59683
11286  57937
11287  59102
11288  61752
11289  60181
11290  56418
11291  62411
11292  57932
11293  57224
11294  60269
11295  59340
11296  62255
11297  61279
11298  57165
11299  58792
11300  55619
11301  62810
11302  55948
11303  55889
11304  57992
11305  58321
11306  55696
11307  56369
11308  57746
11309  60063
11310  58060
11311  59636
11312  54816
11313  57979
11314  61686
11315  53112
11316  58421
11317  59060
11318  55836
11319  56454
11320  56856
11321  58868
11322  57453
11323  58193
11324  57237
11325  56888
11326  55078
11327  51691
11328  56155
11329  56721
11330  54714
11331  59113
11332  55781
11333  52679
11334  54884
11335  54574
11336  54064
11337  55859
11338  53216
11339  54011
11340  55285
11341  55649
11342  58104
11343  55043
11344  53428
11345  54404
11346  55098
11347  55451
11348  53103
11349  56822
11350  55336
11351  51518
11352  52358
11353  51998
11354  55691
11355  55714
11356  49534
11357  53876
11358  53573
11359  51892
11360  52452
11361  52945
11362  53440
11363  51662
11364  50710
11365  57303
11366  51836
11367  50991
11368  51682
11369  52708
11370  49837
11371  51609
11372  51286
11373  51724
11374  51018
11375  52721
11376  52558
11377  52863
11378  52066
11379  52536
11380  51514
11381  51071
11382  53235
11383  49345
11384  51279
11385  52207
11386  53328
11387  52256
11388  53802
11389  48733
11390  55752
11391  49546
11392  51666
11393  52174
11394  48750
11395  51540
11396  51944
11397  51540
11398  49189
11399  51830
11400  50310
11401  50308
11402  49662
11403  48943
11404  48143
11405  52397
11406  50120
11407  47442
11408  48846
11409  49154
11410  49729
11411  50695
11412  52721
11413  47356
11414  50482
11415  51162
11416  51701
11417  48800
11418  46594
11419  48766
11420  49856
11421  48775
11422  48303
11423  51520
11424  47276
11425  47700
11426  48395
11427  46251
11428  47310
11429  45329
11430  46023
11431  48137
11432  49025
11433  44914
11434  47075
11435  44116
11436  43293
11437  49427
11438  48101
11439  48765
11440  44617
11441  49853
11442  44105
11443  43833
11444  47306
11445  46417
11446  45367
11447  48429
11448  46383
11449  50122
11450  47683
11451  48673
11452  48809
11453  45435
11454  46663
11455  45013
11456  43901
11457  45939
11458  42658
11459  45086
11460  46907
11461  46327
11462  40953
11463  46213
11464  45750
11465  45521
11466  45473
11467  42597
11468  45178
11469  46644
11470  43722
11471  45510
11472  45745
11473  44574
11474  43337
11475  44088
11476  42431
11477  45431
11478  45095
11479  40550
11480  46066
11481  42906
11482  42965
11483  45158
11484  39956
11485  44464
11486  43825
11487  45758
11488  45190
11489  41677
11490  44563
11491  40335
11492  40565
11493  42118
11494  42613
11495  43032
11496  42175
11497  42056
11498  41669
11499  42912
11500  41441
11501  40992
11502  42067
11503  39792
11504  41394
11505  40862
11506  40093
11507  44606
11508  40435
11509  42951
11510  40799
11511  39758
11512  39934
11513  42807
11514  42593
11515  43237
11516  40283
11517  42308
11518  42515
11519  40892
11520  40143
11521  40442
11522  40456
11523  39772
11524  39191
11525  43460
11526  37843
11527  40782
11528  41055
11529  43326
11530  38774
11531  40316
11532  38295
11533  41129
11534  45177
11535  40440
11536  38989
11537  39367
11538  40074
11539  39119
11540  39885
11541  38318
11542  39889
11543  40528
11544  42611
11545  38348
11546  37726
11547  39363
11548  38326
11549  38164
11550  40129
11551  41989
11552  38070
11553  40460
11554  38543
11555  37609
11556  39629
11557  39091
11558  39088
11559  38649
11560  42431
11561  39131
11562  38501
11563  35772
11564  34223
11565  39659
11566  39286
11567  35840
11568  37467
11569  39302
11570  40301
11571  38281
11572  36821
11573  39826
11574  38948
11575  40879
11576  35715
11577  37149
11578  38412
11579  38164
11580  39202
11581  34492
11582  39346
11583  38186
11584  37480
11585  37770
11586  38269
11587  35334
11588  37573
11589  37117
11590  36696
11591  37271
11592  34997
11593  38721
11594  39271
11595  34198
11596  36520
11597  36971
11598  37457
11599  34042
11600  35259
11601  35469
11602  36932
11603  36060
11604  34373
11605  36205
11606  33428
11607  36799
11608  34169
11609  31649
11610  34512
11611  32458
11612  34829
11613  37064
11614  33439
11615  32291
11616  36514
11617  34934
11618  33637
11619  37464
11620  35715
11621  38268
11622  35339
11623  33937
11624  35226
11625  33870
11626  33339
11627  36640
11628  33523
11629  34323
11630  34678
11631  32646
11632  33901
11633  31225
11634  32093
11635  35612
11636  31124
11637  32787
11638  34729
11639  34292
11640  30555
11641  34313
11642  31897
11643  33502
11644  32410
11645  33952
11646  30236
11647  31621
11648  31606
11649  32916
11650  34274
11651  31858
11652  33523
11653  33635
11654  34230
11655  31618
11656  33333
11657  33066
11658  33582
11659  31979
11660  30953
11661  34839
11662  31045
11663  32440
11664  29571
11665  33876
11666  32531
11667  32785
11668  33866
11669  33837
11670  33771
11671  34296
11672  33695
11673  31491
11674  33579
11675  30617
11676  31591
11677  31899
11678  31797
11679  31477
11680  32115
11681  31250
11682  32500
11683  28542
11684  28279
11685  29669
11686  32788
11687  32915
11688  30585
11689  30833
11690  34225
11691  30508
11692  28464
11693  30144
11694  29298
11695  30990
11696  29511
11697  31283
11698  34194
11699  28092
11700  32199
11701  30750
11702  27178
11703  29021
11704  29809
11705  28116
11706  29722
11707  31091
11708  28012
11709  29896
11710  27672
11711  30315
11712  28773
11713  29678
11714  29039
11715  31279
11716  30758
11717  30165
11718  27555
11719  28425
11720  29544
11721  30757
11722  29480
11723  29181
11724  30383
11725  28470
11726  29214
11727  29095
11728  29517
11729  27923
11730  29793
11731  28030
11732  28268
11733  29142
11734  28301
11735  26375
11736  27185
11737  26222
11738  31510
11739  28336
11740  27351
11741  28234
11742  31661
11743  28588
11744  28907
11745  28358
11746  28383
11747  28547
11748  28946
11749  26882
11750  27254
11751  28281
11752  28243
11753  27285
11754  27372
11755  28250
11756  29110
11757  29171
11758  28561
11759  28144
11760  28537
11761  28802
11762  29645
11763  28082
11764  28493
11765  28087
11766  27378
11767  25526
11768  29608
11769  26407
11770  27426
11771  28631
11772  26377
11773  26242
11774  25893
11775  27613
11776  26795
11777  24290
11778  24367
11779  27330
11780  28807
11781  27810
11782  26232
11783  30536
11784  26440
11785  27442
11786  24748
11787  26756
11788  26199
11789  25140
11790  27363
11791  27496
11792  24614
11793  27359
11794  24938
11795  25224
11796  23456
11797  25056
11798  26097
11799  27024
11800  25200
11801  22367
11802  24966
11803  25824
11804  26543
11805  28281
11806  24815
11807  25931
11808  26820
11809  24829
11810  25514
11811  25412
11812  25551
11813  27814
11814  26601
11815  24845
11816  25700
11817  25422
11818  27026
11819  26644
11820  25190
11821  24834
11822  23821
11823  23658
11824  25797
11825  25094
11826  24208
11827  25000
11828  23720
11829  24964
11830  25219
11831  26039
11832  25774
11833  23554
11834  23992
11835  23034
11836  22400
11837  25952
11838  22392
11839  24486
11840  24823
11841  23382
11842  22965
11843  26566
11844  23535
11845  24390
11846  24175
11847  24318
11848  24005
11849  22804
11850  26734
11851  24408
11852  23304
11853  23774
11854  23375
11855  24779
11856  22150
11857  25176
11858  22102
11859  23125
11860  22610
11861  23719
11862  21920
11863  23025
11864  24409
11865  23848
11866  21475
11867  21684
11868  22337
11869  21363
11870  23474
11871  23785
11872  24107
11873  22965
11874  23750
11875  22710
11876  22725
11877  23088
11878  21742
11879  21588
11880  22677
11881  24291
11882  24190
11883  22422
11884  22862
11885  23821
11886  22204
11887  23017
11888  22017
11889  22697
11890  21731
11891  21738
11892  22988
11893  21586
11894  22575
11895  21695
11896  21304
11897  22706
11898  20039
11899  21878
11900  21452
11901  18193
11902  22656
11903  21759
11904  22243
11905  20100
11906  22708
11907  20322
11908  20713
11909  21020
11910  22254
11911  23113
11912  22470
11913  22206
11914  20568
11915  19474
11916  22317
11917  19728
11918  23102
11919  20864
11920  20063
11921  19737
11922  18761
11923  19894
11924  22050
11925  20222
11926  20841
11927  20378
11928  21385
11929  20986
11930  19570
11931  21149
11932  22148
11933  18734
11934  21238
11935  20731
11936  20186
11937  20065
11938  17954
11939  18910
11940  21592
11941  19905
11942  19480
11943  17719
11944  20648
11945  19678
11946  19721
11947  18854
11948  20104
11949  20274
11950  19216
11951  19368
11952  20104
11953  19595
11954  19317
11955  18623
11956  19885
11957  20642
11958  19954
11959  18366
11960  19281
11961  19712
11962  21100
11963  20146
11964  20119
11965  19227
11966  17542
11967  19344
11968  18799
11969  19119
11970  20078
11971  17576
11972  19337
11973  19289
11974  19649
11975  16807
11976  20175
11977  19734
11978  18478
11979  18040
11980  21040
11981  19022
11982  17163
11983  19456
11984  20920
11985  20182
11986  22767
11987  18448
11988  17176
11989  18194
11990  18693
11991  16882
11992  17773
11993  19216
11994  19462
11995  19003
11996  19632
11997  17780
11998  18485
11999  14793
12000  17703
12001  17117
12002  18424
12003  19646
12004  16340
12005  18486
12006  18463
12007  18021
12008  19317
12009  17374
12010  15848
12011  18582
12012  15134
12013  17593
12014  17549
12015  17104
12016  19825
12017  16800
12018  17448
12019  17383
12020  17915
12021  17752
12022  17554
12023  18223
12024  17540
12025  15552
12026  15915
12027  19091
12028  16176
12029  17104
12030  17173
12031  16574
12032  16719
12033  17458
12034  17221
12035  17993
12036  17946
12037  18468
12038  17667
12039  18144
12040  16500
12041  15961
12042  18037
12043  18228
12044  16846
12045  14297
12046  15845
12047  18147
12048  18246
12049  15346
12050  16401
12051  16772
12052  17401
12053  16331
12054  17476
12055  16112
12056  16137
12057  16343
12058  15988
12059  16624
12060  15853
12061  15753
12062  14898
12063  15671
12064  14688
12065  17443
12066  16070
12067  17208
12068  14299
12069  14707
12070  15015
12071  17374
12072  16297
12073  19202
12074  16478
12075  16741
12076  15323
12077  15700
12078  15955
12079  17143
12080  15313
12081  14890
12082  14961
12083  15668
12084  15993
12085  15263
12086  15044
12087  16990
12088  14506
12089  15453
12090  15965
12091  16602
12092  15877
12093  14490
12094  16997
12095  15322
12096  14013
12097  13896
12098  13716
12099  15608
12100  17414
12101  16049
12102  14404
12103  14782
12104  17331
12105  13684
12106  15694
12107  13558
12108  14154
12109  17389
12110  13971
12111  13506
12112  14398
12113  14282
12114  15372
12115  16300
12116  14231
12117  15050
12118  13947
12119  13559
12120  13752
12121  14440
12122  15792
12123  14475
12124  14877
12125  15523
12126  14129
12127  13306
12128  16911
12129  15668
12130  13114
12131  14026
12132  15151
12133  14103
12134  14001
12135  13593
12136  14903
12137  12643
12138  12570
12139  12741
12140  13863
12141  13144
12142  14424
12143  15102
12144  14197
12145  13709
12146  12702
12147  13700
12148  14241
12149  13796
12150  12547
12151  13218
12152  13684
12153  13433
12154  13658
12155  13895
12156  14036
12157  12313
12158  13849
12159  13771
12160  14230
12161  12150
12162  13719
12163  13551
12164  13478
12165  13668
12166  14730
12167  13313
12168  12995
12169  13690
12170  11364
12171  13732
12172  15280
12173  14151
12174  13892
12175  12735
12176  13453
12177  13478
12178  12704
12179  13984
12180  13149
12181  12561
12182  13867
12183  12858
12184  13485
12185  14492
12186  12537
12187  13797
12188  13078
12189  13777
12190  12566
12191  13242
12192  13241
12193  12778
12194  13145
12195  11219
12196  14115
12197  11545
12198  13397
12199  13161
12200  13655
12201  13428
12202  13305
12203  15263
12204  11672
12205  11517
12206  11963
12207  14358
12208  11984
12209  12239
12210  13182
12211  14067
12212  14303
12213  12050
12214  11508
12215  12514
12216  12889
12217  13508
12218  11458
12219  12139
12220  12947
12221  13165
12222  13813
12223  12156
12224  12528
12225  11956
12226  14202
12227  11918
12228  10562
12229  11065
12230  11352
12231  11336
12232  11139
12233  12307
12234  13055
12235  10634
12236  11622
12237  12577
12238  12438
12239  13023
12240  12393
12241  11979
12242  13004
12243  12396
12244  13354
12245  12687
12246  12105
12247  11585
12248  11507
12249  12593
12250  10045
12251  10418
12252  12497
12253  11645
12254  11223
12255  12315
12256  12303
12257  11020
12258  11149
12259  12921
12260  11940
12261  11255
12262  11543
12263  12251
12264  10853
12265  12025
12266  10701
12267  11446
12268  12501
12269  12975
12270  10820
12271  9969
12272  11879
12273  10065
12274  11140
12275  10943
12276  9983
12277  12469
12278  12078
12279  12022
12280  12288
12281  11209
12282  10713
12283  9692
12284  12773
12285  12484
12286  11201
12287  10947
12288  10819
12289  11123
12290  10445
12291  10912
12292  9627
12293  11517
12294  11143
12295  10185
12296  11211
12297  12675
12298  11328
12299  10513
12300  9789
12301  10964
12302  10900
12303  11164
12304  11161
12305  10276
12306  9963
12307  10513
12308  10967
12309  11001
12310  10609
12311  10623
12312  10812
12313  10381
12314  11544
12315  11363
12316  11349
12317  12168
12318  12068
12319  10417
12320  11914
12321  10003
12322  9588
12323  9690
12324  10548
12325  10103
12326  10539
12327  11213
12328  10453
12329  10654
12330  10736
12331  10048
12332  8532
12333  9870
12334  10536
12335  11816
12336  12167
12337  10280
12338  9210
12339  11131
12340  10531
12341  9559
12342  10706
12343  12231
12344  8841
12345  10486
12346  10156
12347  10797
12348  9002
12349  10201
12350  10211
12351  10722
12352  8338
12353  8918
12354  9064
12355  10458
12356  9731
12357  9646
12358  8870
12359  8523
12360  9666
12361  8546
12362  9394
12363  9779
12364  9994
12365  9263
12366  8396
12367  9023
12368  11298
12369  9521
12370  9424
12371  9398
12372  9916
12373  10149
12374  8412
12375  9138
12376  10584
12377  9337
12378  10155
12379  9627
12380  8473
12381  9210
12382  8783
12383  9707
12384  9092
12385  9690
12386  9772
12387  7776
12388  9264
12389  8372
12390  8605
12391  9113
12392  9989
12393  10020
12394  9464
12395  8885
12396  9058
12397  8329
12398  8317
12399  9065
12400  10516
12401  8534
12402  9533
12403  8270
12404  8466
12405  7906
12406  8330
12407  8324
12408  8657
12409  9352
12410  8098
12411  9010
12412  8324
12413  9051
12414  8596
12415  8362
12416  8721
12417  10071
12418  8930
12419  7942
12420  8498
12421  8416
12422  8172
12423  8330
12424  9364
12425  8473
12426  8937
12427  8477
12428  8093
12429  8211
12430  9207
12431  8868
12432  9722
12433  8876
12434  8859
12435  8794
12436  8326
12437  9264
12438  8796
12439  8059
12440  7122
12441  7746
12442  7526
12443  7732
12444  6996
12445  7420
12446  8387
12447  8103
12448  8650
12449  8192
12450  9803
12451  8064
12452  6564
12453  7941
12454  9632
12455  8094
12456  8525
12457  8381
12458  7685
12459  7234
12460  7858
12461  8349
12462  8306
12463  6784
12464  7637
12465  8535
12466  7939
12467  7656
12468  7877
12469  8007
12470  7813
12471  8949
12472  8508
12473  7076
12474  8286
12475  6925
12476  8927
12477  7266
12478  7532
12479  6468
12480  8088
12481  7573
12482  8069
12483  7887
12484  6620
12485  7977
12486  8545
12487  6615
12488  7444
12489  7862
12490  7724
12491  7741
12492  7628
12493  8208
12494  7765
12495  7264
12496  7677
12497  8030
12498  7917
12499  6368
12500  7079
12501  7196
12502  8182
12503  7797
12504  7066
12505  8154
12506  8457
12507  8741
12508  7994
12509  7426
12510  7352
12511  7408
12512  7096
12513  7928
12514  8358
12515  8145
12516  7166
12517  7591
12518  8510
12519  6814
12520  7508
12521  9064
12522  7912
12523  6802
12524  7128
12525  8261
12526  7217
12527  8055
12528  8388
12529  7617
12530  7303
12531  8383
12532  7379
12533  7917
12534  7081
12535  10236
12536  7410
12537  6986
12538  7229
12539  6057
12540  6884
12541  8394
12542  6713
12543  8377
12544  6983
12545  6844
12546  8821
12547  6680
12548  7442
12549  8082
12550  7727
12551  7555
12552  7224
12553  6541
12554  7504
12555  7928
12556  7830
12557  7600
12558  5948
12559  6402
12560  6335
12561  6496
12562  8399
12563  7570
12564  6135
12565  5793
12566  8007
12567  7351
12568  5790
12569  7085
12570  7559
12571  7126
12572  6259
12573  7141
12574  7012
12575  7659
12576  6527
12577  7121
12578  5537
12579  6221
12580  8078
12581  7222
12582  5583
12583  6733
12584  7106
12585  7948
12586  9092
12587  6761
12588  6605
12589  7220
12590  8059
12591  7374
12592  5841
12593  7282
12594  8129
12595  6951
12596  6783
12597  6430
12598  5513
12599  7482
12600  6423
12601  6363
12602  6665
12603  7271
12604  7572
12605  7800
12606  6554
12607  6355
12608  7887
12609  5971
12610  6993
12611  6832
12612  6098
12613  6192
12614  6864
12615  6677
12616  7293
12617  6570
12618  7587
12619  6326
12620  6441
12621  6733
12622  7022
12623  6025
12624  6002
12625  7963
12626  7290
12627  7455
12628  6287
12629  7251
12630  6412
12631  6123
12632  7560
12633  6139
12634  6377
12635  6227
12636  6539
12637  6424
12638  6239
12639  8057
12640  6820
12641  5843
12642  6104
12643  6869
12644  7046
12645  5278
12646  6757
12647  6479
12648  6381
12649  5707
12650  7527
12651  5961
12652  5915
12653  6009
12654  6766
12655  5738
12656  6656
12657  6592
12658  5308
12659  5885
12660  6809
12661  6381
12662  6150
12663  6964
12664  5386
12665  5665
12666  7181
12667  7585
12668  6034
12669  6028
12670  6487
12671  6397
12672  6350
12673  5333
12674  6206
12675  6587
12676  6245
12677  6972
12678  7120
12679  5278
12680  6839
12681  5405
12682  4856
12683  6248
12684  6833
12685  7771
12686  7613
12687  7399
12688  6612
12689  7335
12690  6853
12691  5849
12692  4823
12693  5594
12694  7133
12695  6913
12696  5878
12697  7431
12698  7822
12699  5728
12700  5731
12701  6896
12702  6654
12703  6783
12704  6320
12705  6022
12706  5534
12707  6096
12708  5552
12709  5886
12710  7446
12711  5795
12712  5055
12713  7128
12714  6644
12715  5909
12716  6428
12717  6609
12718  6734
12719  6356
12720  7195
12721  5975
12722  6917
12723  6215
12724  7163
12725  6410
12726  5236
12727  6076
12728  6695
12729  6307
12730  6674
12731  6039
12732  6942
12733  6591
12734  5022
12735  7737
12736  7120
12737  5727
12738  5595
12739  6605
12740  6242
12741  5472
12742  5268
12743  6388
12744  6880
12745  6108
12746  7706
12747  4920
12748  6097
12749  6625
12750  6746
12751  6020
12752  7420
12753  5772
12754  4510
12755  5911
12756  5728
12757  6804
12758  6494
12759  5403
12760  5899
12761  6066
12762  5202
12763  4952
12764  4943
12765  6632
12766  5798
12767  6207
12768  5277
12769  6847
12770  6219
12771  5461
12772  5406
12773  5937
12774  7535
12775  6494
12776  6955
12777  6439
12778  5606
12779  6095
12780  6273
12781  4923
12782  6186
12783  6370
12784  7589
12785  5278
12786  6428
12787  6676
12788  6710
12789  5329
12790  6316
12791  5195
12792  5288
12793  5406
12794  5906
12795  5734
12796  5139
12797  8196
12798  6724
12799  5753
12800  5860
12801  6587
12802  6663
12803  5369
12804  5356
12805  5772
12806  5843
12807  4992
12808  4850
12809  5474
12810  6579
12811  6215
12812  5375
12813  5236
12814  5284
12815  5451
12816  6286
12817  6038
12818  6653
12819  5273
12820  6134
12821  5766
12822  5607
12823  7165
12824  5307
12825  5562
12826  6459
12827  6038
12828  5114
12829  5723
12830  5287
12831  5211
12832  4999
12833  6219
12834  5083
12835  5739
12836  6096
12837  6100
12838  6542
12839  4559
12840  5765
12841  5903
12842  7030
12843  6124
12844  5664
12845  6137
12846  7137
12847  5492
12848  6648
12849  5403
12850  5599
12851  5369
12852  4132
12853  4530
12854  7065
12855  5897
12856  6399
12857  5888
12858  5432
12859  5224
12860  5660
12861  6205
12862  6135
12863  6205
12864  5207
12865  4528
12866  5214
12867  5916
12868  6130
12869  5784
12870  5795
12871  5886
12872  5955
12873  6004
12874  4711
12875  5934
12876  6897
12877  5221
12878  6753
12879  6925
12880  5299
12881  6331
12882  6875
12883  6215
12884  5342
12885  5439
12886  4819
12887  5444
12888  5237
12889  6741
12890  4343
12891  5980
12892  7565
12893  5656
12894  4409
12895  4312
12896  5185
12897  5770
12898  6789
12899  5762
12900  5124
12901  6207
12902  4778
12903  5831
12904  5353
12905  5467
12906  5320
12907  6070
12908  5788
12909  5222
12910  5795
12911  6017
12912  5515
12913  5113
12914  4889
12915  6198
12916  5705
12917  4625
12918  5572
12919  6525
12920  6135
12921  5212
12922  6350
12923  7645
12924  7219
12925  5656
12926  6820
12927  5478
12928  4855
12929  5313
12930  4684
12931  6030
12932  6399
12933  6117
12934  5656
12935  5880
12936  5022
12937  6305
12938  5243
12939  6294
12940  6320
12941  5526
12942  7034
12943  5347
12944  5379
12945  5943
12946  5533
12947  6553
12948  5667
12949  4831
12950  5845
12951  5073
12952  6222
12953  5205
12954  5265
12955  5285
12956  6673
12957  5654
12958  5496
12959  6364
12960  5891
12961  5303
12962  4157
12963  5791
12964  6797
12965  6896
12966  5181
12967  5981
12968  5548
12969  5000
12970  5824
12971  4914
12972  6214
12973  5063
12974  5254
12975  5590
12976  5942
12977  5899
12978  5967
12979  5579
12980  5505
12981  5492
12982  5102
12983  5723
12984  6718
12985  5338
12986  5851
12987  6064
12988  6059
12989  6206
12990  4963
12991  6200
12992  4701
12993  5682
12994  5574
12995  5026
12996  5342
12997  6654
12998  4679
12999  6575
13000  6928
13001  5602
13002  7080
13003  6051
13004  5187
13005  5678
13006  4609
13007  7087
13008  5529
13009  6615
13010  4643
13011  5847
13012  4797
13013  5670
13014  4511
13015  5873
13016  5426
13017  5324
13018  6112
13019  4804
13020  6057
13021  5793
13022  5500
13023  5252
13024  5203
13025  6756
13026  5261
13027  5456
13028  5654
13029  5927
13030  5099
13031  5371
13032  6125
13033  4824
13034  5368
13035  4771
13036  5955
13037  6016
13038  7111
13039  4888
13040  4752
13041  6197
13042  4460
13043  5592
13044  5253
13045  5115
13046  4730
13047  4491
13048  5334
13049  6280
13050  4626
13051  4513
13052  4998
13053  4995
13054  5082
13055  4749
13056  5553
13057  5594
13058  4812
13059  5294
13060  6478
13061  4550
13062  5811
13063  4150
13064  5315
13065  3898
13066  4583
13067  4083
13068  5063
13069  4492
13070  4239
13071  5069
13072  6759
13073  5032
13074  4249
13075  6363
13076  5248
13077  4470
13078  5325
13079  6271
13080  5489
13081  6580
13082  5349
13083  4795
13084  4668
13085  4646
13086  4836
13087  4223
13088  4794
13089  5696
13090  4528
13091  5655
13092  4943
13093  4298
13094  4920
13095  5428
13096  4327
13097  5123
13098  4299
13099  5415
13100  4334
13101  5333
13102  5353
13103  4627
13104  5770
13105  5573
13106  6370
13107  4608
13108  4975
13109  5024
13110  4471
13111  5255
13112  3909
13113  4737
13114  4326
13115  4416
13116  4456
13117  5057
13118  5614
13119  5667
13120  4851
13121  4622
13122  4382
13123  4721
13124  4680
13125  4530
13126  4330
13127  6181
13128  4445
13129  5006
13130  4387
13131  3873
13132  4813
13133  5093
13134  5229
13135  5119
13136  4729
13137  4302
13138  4887
13139  5992
13140  4045
13141  4493
13142  4956
13143  3767
13144  5513
13145  3843
13146  4034
13147  4274
13148  5084
13149  4707
13150  4000
13151  4889
13152  4291
13153  4771
13154  3972
13155  5757
13156  4245
13157  4844
13158  5235
13159  3865
13160  4990
13161  4031
13162  3318
13163  3724
13164  5113
13165  4006
13166  4302
13167  4462
13168  4037
13169  4782
13170  4155
13171  4621
13172  4245
13173  4534
13174  4023
13175  4689
13176  4720
13177  4402
13178  4284
13179  3794
13180  3916
13181  3986
13182  3186
13183  4846
13184  4521
13185  5090
13186  4279
13187  4367
13188  3961
13189  4523
13190  3450
13191  4115
13192  4549
13193  5048
13194  4101
13195  4800
13196  3682
13197  3973
13198  3439
13199  4154
13200  4625
13201  2979
13202  4226
13203  3407
13204  3107
13205  4575
13206  4690
13207  3903
13208  3385
13209  3523
13210  3585
13211  4521
13212  4109
13213  3966
13214  3667
13215  3361
13216  4630
13217  4938
13218  4759
13219  4053
13220  3968
13221  3576
13222  3745
13223  4028
13224  4121
13225  3967
13226  3606
13227  3403
13228  5385
13229  4489
13230  4291
13231  3291
13232  4120
13233  3841
13234  3417
13235  3952
13236  4176
13237  2839
13238  3337
13239  3274
13240  3053
13241  3116
13242  3899
13243  2841
13244  3488
13245  3547
13246  3326
13247  3258
13248  3447
13249  3789
13250  3631
13251  3410
13252  4233
13253  3777
13254  3407
13255  5220
13256  3087
13257  4021
13258  4567
13259  2810
13260  3265
13261  4357
13262  3191
13263  2809
13264  3399
13265  2781
13266  3883
13267  3529
13268  3782
13269  3241
13270  2882
13271  2964
13272  3782
13273  4115
13274  2865
13275  2729
13276  2779
13277  3919
13278  2914
13279  3587
13280  3212
13281  3660
13282  3725
13283  3736
13284  3390
13285  3190
13286  3944
13287  2854
13288  3055
13289  3560
13290  2634
13291  2755
13292  3326
13293  3598
13294  3860
13295  2959
13296  2913
13297  2411
13298  3274
13299  2902
13300  3796
13301  3096
13302  2738
13303  3052
13304  3504
13305  3253
13306  3791
13307  2714
13308  3835
13309  4309
13310  2937
13311  3080
13312  2502
13313  2489
13314  2436
13315  2973
13316  2151
13317  2259
13318  2227
13319  3012
13320  2666
13321  2646
13322  3087
13323  2895
13324  3170
13325  3246
13326  2886
13327  3052
13328  2490
13329  2760
13330  3047
13331  3765
13332  2226
13333  2709
13334  2721
13335  2618
13336  2660
13337  2880
13338  2454
13339  2620
13340  2667
13341  3045
13342  2733
13343  2972
13344  2869
13345  2347
13346  2961
13347  2906
13348  3075
13349  3213
13350  2614
13351  2878
13352  2676
13353  2696
13354  3084
13355  3234
13356  2449
13357  2428
13358  2351
13359  2902
13360  2507
13361  2390
13362  3485
13363  2172
13364  2644
13365  1685
13366  3119
13367  2770
13368  2697
13369  2461
13370  2780
13371  2706
13372  2005
13373  2326
13374  2156
13375  3095
13376  2022
13377  2200
13378  2027
13379  2256
13380  2510
13381  2346
13382  2241
13383  2098
13384  2675
13385  2366
13386  2109
13387  1913
13388  3205
13389  1831
13390  2489
13391  1350
13392  2574
13393  1623
13394  2641
13395  2491
13396  1890
13397  1847
13398  2656
13399  2020
13400  2460
13401  2324
13402  2290
13403  1580
13404  1675
13405  2471
13406  1495
13407  1987
13408  1854
13409  2135
13410  1749
13411  2487
13412  1840
13413  2049
13414  1700
13415  2773
13416  1688
13417  2369
13418  1436
13419  1430
13420  1517
13421  1707
13422  1822
13423  1882
13424  2351
13425  1977
13426  2457
13427  1524
13428  1402
13429  1482
13430  1617
13431  2172
13432  1424
13433  1793
13434  2620
13435  1457
13436  1790
13437  1928
13438  1383
13439  2060
13440  1485
13441  1451
13442  2009
13443  1200
13444  1830
13445  1396
13446  1295
13447  1195
13448  2095
13449  1747
13450  1520
13451  1379
13452  1799
13453  1270
13454  1788
13455  1558
13456  1569
13457  1887
13458  1234
13459  1089
13460  1501
13461  1305
13462  1426
13463  1155
13464  1766
13465  1739
13466  1433
13467  1267
13468  2086
13469  1307
13470  980
13471  1869
13472  1270
13473  1196
13474  1326
13475  1353
13476  1396
13477  1082
13478  1391
13479  1469
13480  1518
13481  1613
13482  1079
13483  1146
13484  1121
13485  1306
13486  897
13487  1153
13488  887
13489  1241
13490  1469
13491  1124
13492  1045
13493  1314
13494  1373
13495  1125
13496  1253
13497  1317
13498  1503
13499  1308
13500  823
13501  1074
13502  1236
13503  1097
13504  1031
13505  1927
13506  1259
13507  1282
13508  988
13509  887
13510  1050
13511  1687
13512  913
13513  780
13514  1187
13515  952
13516  1431
13517  1321
13518  860
13519  881
13520  1210
13521  813
13522  1046
13523  804
13524  610
13525  1060
13526  1153
13527  1247
13528  1118
13529  1116
13530  854
13531  991
13532  1282
13533  906
13534  1032
13535  957
13536  1751
13537  1161
13538  776
13539  960
13540  1064
13541  1012
13542  1001
13543  556
13544  559
13545  915
13546  1446
13547  725
13548  973
13549  591
13550  791
13551  1093
13552  620
13553  490
13554  934
13555  553
13556  1191
13557  1031
13558  846
13559  718
13560  605
13561  765
13562  471
13563  970
13564  867
13565  510
13566  532
13567  762
13568  583
13569  696
13570  827
13571  808
13572  815
13573  395
13574  578
13575  821
13576  576
13577  811
13578  529
13579  465
13580  500
13581  676
13582  861
13583  1194
13584  785
13585  817
13586  673
13587  433
13588  858
13589  627
13590  611
13591  723
13592  781
13593  1062
13594  711
13595  1383
13596  445
13597  380
13598  483
13599  709
13600  400
13601  637
13602  684
13603  458
13604  682
13605  336
13606  346
13607  468
13608  493
13609  716
13610  711
13611  210
13612  620
13613  677
13614  504
13615  858
13616  335
13617  388
13618  841
13619  272
13620  699
13621  415
13622  771
13623  396
13624  295
13625  238
13626  257
13627  715
13628  367
13629  559
13630  438
13631  283
13632  349
13633  618
13634  592
13635  483
13636  625
13637  475
13638  644
13639  499
13640  416
13641  353
13642  645
13643  814
13644  331
13645  420
13646  369
13647  410
13648  423
13649  155
13650  298
13651  344
13652  213
13653  261
13654  258
13655  326
13656  223
13657  563
13658  177
13659  157
13660  314
13661  252
13662  355
13663  213
13664  197
13665  233
13666  491
13667  143
13668  200
13669  284
13670  178
13671  226
13672  259
13673  295
13674  86
13675  259
13676  121
13677  171
13678  147
13679  156
13680  320
13681  189
13682  140
13683  193
13684  188
13685  168
13686  151
13687  165
13688  225
13689  175
13690  136
13691  113
13692  138
13693  101
13694  135
13695  172
13696  224
13697  117
13698  143
13699  574
13700  138
13701  100
13702  107
13703  142
13704  159
13705  576
13706  105
13707  119
13708  112
13709  103
13710  129
13711  172
13712  173
13713  69
13714  71
13715  62
13716  138
13717  355
13718  65
13719  98
13720  104
13721  83
13722  153
13723  64
13724  234
13725  80
13726  87
13727  69
13728  312
13729  95
13730  276
13731  141
13732  64
13733  115
13734  81
13735  237
13736  57
13737  48
13738  49
13739  110
13740  115
13741  79
13742  89
13743  52
13744  138
13745  61
13746  43
13747  80
13748  57
13749  73
13750  58
13751  62
13752  102
13753  54
13754  44
13755  79
13756  55
13757  65
13758  109
13759  72
13760  61
13761  196
13762  85
13763  85
13764  65
13765  206
13766  84
13767  127
13768  130
13769  84
13770  66
13771  118
13772  269
13773  45
13774  64
13775  25
13776  149
13777  21
13778  258
13779  81
13780  3
13781  48
13782  23
13783  56
13784  50
13785  35
13786  27
13787  149
13788  35
13789  28
13790  62
13791  31
13792  17
13793  36
13794  51
13795  83
13796  76
13797  56
13798  49
13799  54
13800  50
13801  22
13802  23
13803  29
13804  26
13805  21
13806  8
13807  27
13808  9
13809  31
13810  42
13811  24
13812  24
13813  11
13814  29
13815  55
13816  17
13817  9
13818  54
13819  19
13820  11
13821  5
13822  20
13823  50
13824  27
13825  30
13826  187
13827  133
13828  13
13829  5
13830  24
13831  87
13832  22
13833  6
13834  5
13835  7
13836  29
13837  6
13838  9
13839  32
13840  12
13842  53
13843  7
13844  41
13845  25
13846  14
13848  26
13849  21
13850  13
13851  17
13852  2
13854  26
13855  17
13856  25
13857  5
13858  1
13859  22
13860  5
13861  4
13862  31
13863  14
13864  19
13865  14
13866  18
13867  6
13870  7
13873  27
13875  16
13876  12
13877  17
13879  8
13880  6
13881  22
13883  14
13884  4
13886  29
13887  29
13888  9
13889  3
13890  12
13892  4
13893  1
13895  2
13896  9
13897  14
13899  14
13900  3
13901  9
13902  29
13906  24
13907  5
13908  17
13909  15
13912  11
13914  21
13915  15
13917  4
13918  6
13919  1
13920  5
13921  6
13922  17
13927  17
13935  1
13941  29
13945  1
13954  5
13958  25
13960  5
13965  21
13966  18
13969  17
13971  1
13976  15
13992  8
13995  1
13998  7
14006  1
14015  4
14022  1
14024  6
14040  3
14057  3
14128  8
14146  2
