12
12
9
10
9
9
9
10
12
8
9
8
11
12
11
8
12
7
12
11
5
11
8
13
11
9
7
11
13
9
10
8
10
9
15
12
10
12
8
10
12
7
12
6
6
9
12
14
6
12
7
11
13
8
11
8
11
12
9
12
10
8
14
6
7
10
10
12
10
9
12
7
11
9
10
12
9
11
5
8
13
9
12
9
10
15
10
9
9
11
7
14
10
12
12
10
8
8
10
8
11
10
8
12
8
5
9
8
8
7
8
11
13
11
7
10
9
11
10
9
12
10
10
12
9
7
9
8
8
11
10
7
12
6
7
12
15
14
11
6
7
9
8
8
8
7
4
12
5
9
9
13
9
9
15
13
7
11
11
10
10
10
8
9
10
9
13
7
12
9
8
9
10
13
11
11
11
8
11
8
9
6
9
12
9
11
9
12
13
9
15
15
10
10
8
11
8
9
9
13
14
9
9
5
9
8
12
10
9
8
10
5
13
8
11
9
11
12
12
12
10
9
10
6
14
7
12
11
10
11
14
8
9
6
12
10
9
10
12
9
8
8
9
12
9
6
9
7
9
8
7
7
8
6
8
11
9
11
4
6
8
8
7
11
16
9
7
8
10
11
15
8
9
9
7
14
7
14
12
8
9
12
13
11
12
6
12
7
8
11
8
10
14
9
10
7
10
10
10
12
12
12
10
8
11
12
11
13
7
15
12
10
9
9
13
9
9
7
9
10
7
10
11
10
7
8
9
7
11
13
13
10
9
11
10
13
8
9
8
12
4
11
8
9
10
11
9
9
10
8
11
12
7
13
8
10
10
11
10
11
10
11
13
7
9
9
6
13
7
13
17
10
10
11
10
8
7
8
9
10
9
8
8
11
13
15
8
11
10
9
11
7
11
6
11
11
13
11
10
9
11
9
8
10
11
5
13
10
16
10
10
11
13
12
7
10
11
11
11
11
7
12
7
9
12
11
10
12
12
11
7
7
10
11
14
9
8
11
10
12
10
10
7
9
9
9
8
11
13
14
7
7
8
10
10
9
10
5
8
7
8
14
13
10
11
9
9
9
7
10
7
7
10
7
13
11
14
14
10
8
12
11
8
8
9
9
8
6
6
10
10
8
12
9
7
7
9
13
12
8
