10
9
8
10
9
12
8
9
10
11
10
10
12
9
11
11
10
10
10
11
15
17
9
10
12
7
11
10
10
10
9
10
11
7
6
10
11
11
9
10
9
16
13
10
15
11
14
9
8
12
11
14
10
12
10
13
11
11
11
10
10
12
10
14
10
11
12
7
11
11
14
7
10
8
12
14
11
11
11
9
12
11
13
8
14
13
11
14
8
8
13
9
11
11
12
7
10
11
15
12
12
10
9
12
10
8
14
11
12
12
10
7
12
8
9
9
9
14
13
8
11
8
9
6
14
11
11
10
7
12
7
13
11
11
9
12
10
11
7
9
10
10
14
9
12
8
12
13
14
8
10
9
8
6
9
8
8
5
10
12
13
10
11
14
11
7
11
10
12
12
8
11
8
14
11
12
11
11
11
12
10
13
13
11
7
9
11
13
13
11
14
13
8
11
8
15
8
12
9
9
6
12
12
14
12
8
14
9
13
9
9
10
10
11
10
14
11
15
10
8
15
9
11
12
10
11
9
7
11
13
6
15
12
9
9
6
10
9
9
12
13
8
8
10
9
9
10
9
12
10
7
10
13
8
11
9
14
13
12
9
8
11
16
8
12
10
10
15
13
9
11
13
9
12
12
13
12
6
5
11
10
10
9
11
7
9
10
13
13
14
13
12
10
9
7
9
8
8
11
13
10
8
9
14
10
10
8
8
13
12
11
9
10
8
8
9
10
15
14
11
8
12
11
6
12
10
11
10
11
9
10
10
13
7
9
15
7
14
9
7
6
9
12
10
12
10
12
11
14
12
8
11
8
10
13
9
10
10
7
7
9
8
11
13
12
8
15
12
10
14
5
8
10
12
15
8
15
7
11
11
13
9
12
10
10
16
12
13
12
10
12
8
7
9
8
12
11
12
10
10
13
14
11
11
10
13
13
6
12
10
12
6
11
13
9
10
13
11
10
11
11
10
9
12
9
10
11
12
9
7
6
8
6
8
12
10
12
12
12
10
9
11
9
16
12
14
8
12
7
14
11
11
14
8
8
10
9
6
10
14
11
8
9
10
9
5
12
8
11
7
14
10
12
9
11
13
11
8
6
12
11
11
12
9
13
12
11
12
7
11
13
15
12
13
10
12
11
9
13
7
