10
12
9
11
12
10
11
9
9
16
12
8
8
11
8
12
11
15
12
9
11
7
8
12
11
15
12
10
11
6
8
11
7
9
9
12
12
10
9
8
11
8
9
12
9
9
11
12
15
7
9
7
9
9
13
11
8
12
12
10
9
10
14
8
10
12
12
9
8
12
11
16
9
11
13
12
11
12
12
11
8
10
10
13
13
14
11
10
12
8
12
7
9
10
9
16
11
14
7
13
12
7
12
9
9
8
11
9
6
12
10
13
11
13
10
7
11
11
11
7
6
9
14
9
13
9
4
11
11
10
9
12
10
9
14
11
10
10
12
11
8
11
12
13
10
7
13
9
11
8
7
10
10
9
13
10
12
13
13
13
8
12
13
9
11
8
9
9
11
9
11
10
10
11
9
12
8
14
11
10
9
9
11
8
11
10
14
10
10
9
8
8
11
12
12
15
10
11
9
12
13
7
13
10
13
9
12
14
8
12
13
9
8
12
12
15
11
7
7
9
12
14
10
14
16
10
12
11
10
10
9
10
12
9
12
10
11
8
11
12
7
9
9
12
10
11
8
10
6
10
6
17
13
9
12
13
9
13
15
11
9
11
8
10
12
9
12
11
11
13
8
11
9
9
11
10
11
11
13
7
11
5
10
9
13
9
11
11
9
8
9
11
10
12
10
12
11
10
12
11
12
12
6
13
10
10
12
13
12
12
13
12
10
10
12
9
9
8
12
11
11
9
8
11
12
9
11
10
13
12
11
16
12
10
11
13
11
10
8
7
11
8
6
9
9
10
8
8
5
12
14
13
8
9
10
9
10
11
13
7
8
9
9
8
11
10
12
13
10
14
10
11
9
11
13
13
11
11
11
14
12
9
11
13
12
11
11
10
12
9
11
13
10
10
10
11
10
11
9
10
10
11
12
9
14
11
8
7
7
12
9
10
11
12
10
7
9
11
11
13
10
9
10
8
15
17
7
9
13
14
12
14
11
6
12
13
11
15
11
9
8
10
12
12
10
11
11
7
13
10
11
12
8
10
10
11
10
7
5
10
10
8
4
9
8
7
8
10
10
6
9
10
8
9
12
11
9
14
14
15
11
11
13
9
10
10
10
10
9
14
10
7
6
7
9
11
11
12
15
10
