1.093292234245488714e+00
2.181133452305991316e+00
2.718973643623016301e+00
2.797517407251588928e+00
2.926429423609543168e+00
3.195620740220558531e+00
3.680143422636684480e+00
3.780358263094335314e+00
3.797671341740144424e+00
3.949836440609660215e+00
3.965713668276623860e+00
4.020769116873052162e+00
4.066552761123165105e+00
4.162553571430990473e+00
4.248524737981603572e+00
4.260666788682942574e+00
4.410882846792187451e+00
4.426630771116761842e+00
4.573378169305562402e+00
4.584826810432701905e+00
4.636633027591318346e+00
4.781797136891041689e+00
4.866644544704707975e+00
4.915422765471353372e+00
4.917548141719101373e+00
4.951194626096317108e+00
4.955127059297239178e+00
4.958297049866800421e+00
5.022660717623786297e+00
5.052428491332627836e+00
5.060444369801964548e+00
5.070570500733865948e+00
5.106092293515059666e+00
5.151957792126721891e+00
5.167963602329280981e+00
5.213651765048535225e+00
5.225515685465591531e+00
5.242226502280917799e+00
5.251137805870147446e+00
5.315313260311020471e+00
5.319987303619316599e+00
5.348769514230182764e+00
5.362727854837601171e+00
5.379474962175467390e+00
5.385792702941294863e+00
5.396400699564031456e+00
5.396431089251047197e+00
5.414684356443999036e+00
5.417028234117902130e+00
5.417063299853337455e+00
5.437905422498520380e+00
5.443764677865003065e+00
5.457747758170885533e+00
5.472703870451556263e+00
5.487444035035134782e+00
5.499416776259050899e+00
5.508459242613761297e+00
5.515961618354318752e+00
5.515978634320179985e+00
5.516617974327946428e+00
5.525204249547316593e+00
5.525713133294809509e+00
5.546112470835967478e+00
5.601541718445297136e+00
5.624282084076734911e+00
5.633914207214010261e+00
5.662956063464777756e+00
5.664112643578645745e+00
5.665798187059632340e+00
5.670523151156025676e+00
5.673661135796121968e+00
5.678070324041412320e+00
5.689725068130967678e+00
5.696165488193573267e+00
5.724208819015203176e+00
5.729953750505258014e+00
5.737900724870667268e+00
5.751247881695036313e+00
5.816116165217860789e+00
5.829987689032892995e+00
5.848320611128720259e+00
5.865095910754176245e+00
5.888887968925901717e+00
5.897615071552888111e+00
5.919349874242504583e+00
5.920163195053532057e+00
5.925295996506993568e+00
5.945560697194990141e+00
5.950613608223336293e+00
5.952864726652611793e+00
5.982681110712166017e+00
5.999732038526635947e+00
6.000349436909965029e+00
6.058436091260813505e+00
6.068377661396387346e+00
6.068462504266199709e+00
6.087043339183859203e+00
6.095809049434396165e+00
6.099419736873726627e+00
6.141630525981137012e+00
6.152905239624947953e+00
6.156179317789690408e+00
6.157753623052689029e+00
6.172935747575949428e+00
6.174959014189320250e+00
6.186271994229065818e+00
6.187394839931879886e+00
6.191261532808815637e+00
6.195381534821152947e+00
6.208812290088761898e+00
6.209266824979651211e+00
6.234804379793137841e+00
6.234850669238198861e+00
6.237026963063550866e+00
6.239892307833129870e+00
6.246141946537567158e+00
6.268644045022583988e+00
6.269675928593966496e+00
6.278587466944161477e+00
6.288681348540292149e+00
6.289896199889557060e+00
6.300581451905559405e+00
6.303191942327961428e+00
6.311977586807328677e+00
6.316709303469063563e+00
6.325644912267115672e+00
6.341052443394811888e+00
6.354290799928839384e+00
6.358124675762453215e+00
6.360860593587313261e+00
6.367090341271599563e+00
6.372831053831672143e+00
6.382035732284015772e+00
6.390146207265456901e+00
6.399463191731580736e+00
6.412829614247618437e+00
6.423563162106709967e+00
6.423776729363513738e+00
6.427403532105842032e+00
6.476018588394095055e+00
6.479077000106096662e+00
6.488369623499777639e+00
6.493557395813915889e+00
6.497127327744971481e+00
6.503936245967721241e+00
6.514786899797545772e+00
6.530987391888808169e+00
6.537559624026090255e+00
6.537955735142448432e+00
6.538019085163726096e+00
6.556973029765448047e+00
6.569297347536891429e+00
6.588340598083487265e+00
6.595086903436456538e+00
6.618036474279896275e+00
6.621451088386031358e+00
6.630738119789749696e+00
6.637845284495404563e+00
6.672493994188820388e+00
6.687136232777939782e+00
6.697918561273216831e+00
6.705823393895389728e+00
6.706690888531659844e+00
6.707086464770562806e+00
6.710819376028955396e+00
6.713884722761894963e+00
6.713898023425370454e+00
6.718222723744665004e+00
6.722074964392432683e+00
6.726676082779758481e+00
6.731336729124319795e+00
6.745435699852159850e+00
6.745702810871035737e+00
6.749058219174231432e+00
6.750191051658127606e+00
6.757198682814285817e+00
6.766316068293447117e+00
6.773898044960043663e+00
6.776210685428694092e+00
6.780307983290409624e+00
6.781503543362600972e+00
6.785224103407212937e+00
6.788244001881397871e+00
6.788776677252028158e+00
6.800072019232944243e+00
6.802906788806781790e+00
6.804423168281315881e+00
6.826556018285613980e+00
6.830991985639867536e+00
6.839735353129952955e+00
6.848084155969539566e+00
6.861341607614440008e+00
6.871334938217939836e+00
6.877441890812576730e+00
6.879986454946289243e+00
6.881247580773106165e+00
6.887990845570550746e+00
6.892516517313792335e+00
6.898252793024822971e+00
6.904473632399938055e+00
6.908049671233129629e+00
6.933302301002826518e+00
6.948384707978936703e+00
6.956074307024719516e+00
6.957576315913785336e+00
6.960678504537536782e+00
6.963027085471531485e+00
6.963671220455878164e+00
6.972720938648755862e+00
6.977400574447515602e+00
6.981878224336115935e+00
6.996978484005289545e+00
7.001921050882494058e+00
7.005577576899241876e+00
7.005696608099169609e+00
7.012849476781934932e+00
7.017933938001135630e+00
7.018939748604386075e+00
7.019171184027740651e+00
7.027856889934460227e+00
7.058967615575468812e+00
7.059340417768922293e+00
7.060320557556296173e+00
7.070803544425602993e+00
7.073369874061604001e+00
7.076596775202057543e+00
7.083613483629365604e+00
7.084494031556872073e+00
7.087544101615264047e+00
7.089724242698171253e+00
7.092217212059018117e+00
7.096925537613285151e+00
7.097863628081505283e+00
7.098180178891381864e+00
7.099982167054759152e+00
7.100466572024952683e+00
7.109279975889867487e+00
7.116813135872492424e+00
7.120783831361416460e+00
7.140541924269232510e+00
7.141095501923264699e+00
7.152113675465987974e+00
7.159252560526731202e+00
7.166260856355360254e+00
7.166855591866481134e+00
7.167311479833602839e+00
7.169245210459465056e+00
7.169751449758846817e+00
7.177745629576913089e+00
7.178791648611444920e+00
7.179375960898127573e+00
7.180685549756987918e+00
7.181646902500499863e+00
7.195238989068835522e+00
7.203288360407405833e+00
7.205359579788119362e+00
7.213149852114041138e+00
7.213325809363638541e+00
7.214067759304209737e+00
7.223357752463995141e+00
7.225616334086148562e+00
7.234506832398231779e+00
7.239323202668746404e+00
7.240201064864038472e+00
7.241828803176999507e+00
7.242374345753214371e+00
7.243597792191401652e+00
7.245413214406066338e+00
7.246806533706533493e+00
7.248389205545111125e+00
7.248448103468990489e+00
7.266406840843256276e+00
7.272452463934244271e+00
7.298201298497442480e+00
7.299714296042802530e+00
7.307843350130854176e+00
7.308740738977830276e+00
7.317899808160518660e+00
7.330622233573543589e+00
7.330842651449954950e+00
7.344141017645597458e+00
7.345357269190976979e+00
7.359899954659067767e+00
7.361595126692571434e+00
7.369561145657448797e+00
7.376596519680502340e+00
7.379313396698138128e+00
7.381627578065517170e+00
7.382985567969148732e+00
7.388439606995444109e+00
7.397735215099248585e+00
7.398646262608447266e+00
7.400294068942327996e+00
7.409505559353010362e+00
7.414402449961013275e+00
7.420398226792990215e+00
7.421432258517695502e+00
7.440676490261553866e+00
7.440724816930934793e+00
7.445497464972511636e+00
7.447348677047633814e+00
7.457972738514772715e+00
7.458283966404789744e+00
7.463683052093519343e+00
7.471862157485900546e+00
7.479112398962532993e+00
7.484520071158379473e+00
7.490835652992851479e+00
7.492651706657868615e+00
7.494885052701535599e+00
7.496213004458261331e+00
7.497611006461450955e+00
7.498181290375448782e+00
7.508005130006084826e+00
7.508787008644041805e+00
7.508937515370433857e+00
7.510053928040635540e+00
7.511785845336133249e+00
7.515678358195873265e+00
7.515941244050935666e+00
7.520074241481658817e+00
7.540151768123921627e+00
7.541705176826948076e+00
7.543810719473132309e+00
7.551669491708013382e+00
7.552382867841934022e+00
7.553001992161945566e+00
7.560230714241326311e+00
7.560463939139918210e+00
7.567076277145827312e+00
7.567512159782040726e+00
7.573032062022408084e+00
7.576613301791361721e+00
7.579696617285781812e+00
7.585365154519644548e+00
7.585987646469313006e+00
7.586482385637483894e+00
7.589113680403423601e+00
7.602399304035316163e+00
7.603359142000497783e+00
7.617733863624015278e+00
7.618326903402125261e+00
7.620833163786794984e+00
7.621797350332377263e+00
7.637955430592016981e+00
7.640938568252117591e+00
7.648501816463717518e+00
7.651344214999159732e+00
7.660869819235039735e+00
7.663392834057219716e+00
7.665963717008224876e+00
7.675045840076388792e+00
7.683419477993046698e+00
7.683465020563249759e+00
7.684231284738745948e+00
7.686427487595828723e+00
7.689647859881523217e+00
7.689712193833651455e+00
7.691980726853950401e+00
7.697006958137300181e+00
7.699628375198932062e+00
7.703216545616949240e+00
7.703339695351296257e+00
7.706162195880611243e+00
7.709552947031398595e+00
7.710544156400747084e+00
7.712552157893160398e+00
7.717818426813169985e+00
7.719025495520427604e+00
7.724609737770295581e+00
7.729917984372830730e+00
7.737661198088655823e+00
7.741475709280129180e+00
7.751517010682518638e+00
7.764491668615474573e+00
7.767981569411349874e+00
7.769843206559065685e+00
7.774874192055372113e+00
7.776668421647312535e+00
7.781562822005346547e+00
7.783317841097268541e+00
7.784021173730285348e+00
7.784223141976450933e+00
7.786098992167160837e+00
7.789557052445106322e+00
7.790689561447457834e+00
7.794732948704163000e+00
7.798061784379950900e+00
7.806169036009531936e+00
7.807886769808368044e+00
7.812197642668341047e+00
7.812801089420230660e+00
7.815364873400671542e+00
7.820278707185105205e+00
7.824486213581011818e+00
7.827180237543971408e+00
7.832346117079310055e+00
7.839776173120736935e+00
7.840595446685053815e+00
7.845119220187246611e+00
7.846099769522015599e+00
7.847736967044223633e+00
7.850482401172476088e+00
7.857738276625201301e+00
7.860457533609167768e+00
7.864288178937720808e+00
7.866045825288791704e+00
7.867508272716127848e+00
7.870720380288567242e+00
7.873771407512653475e+00
7.876678108929334066e+00
7.877634925018686118e+00
7.878678966263056971e+00
7.881830602271440611e+00
7.884390058636618903e+00
7.887464781321581242e+00
7.890651883657017862e+00
7.890728225171715238e+00
7.893306367229300236e+00
7.898130478705505553e+00
7.900775473956819894e+00
7.906003534924372467e+00
7.909938149702105292e+00
7.910666200512209478e+00
7.912917695185634592e+00
7.913163799191368142e+00
7.913861639426128747e+00
7.922500184389517308e+00
7.924269721032278113e+00
7.928893109820008611e+00
7.929299221551410426e+00
7.934338459669391774e+00
7.939000705989904816e+00
7.939243119238642343e+00
7.942019319686572487e+00
7.942663840553418453e+00
7.943315313718696480e+00
7.947897913988249741e+00
7.956231387287827417e+00
7.960570486705933035e+00
7.961198919722842327e+00
7.966730062444547400e+00
7.969336225245705840e+00
7.972540583959151661e+00
7.978850183636858162e+00
7.981047776039513764e+00
7.986506878135378074e+00
7.988752714058696469e+00
7.991580504911945937e+00
7.994936856777076883e+00
7.995979021615383431e+00
7.996296788757154772e+00
7.999495248145311876e+00
8.001345459891854972e+00
8.002779652444036884e+00
8.008535985219481290e+00
8.009635938602650995e+00
8.009981923054361630e+00
8.015163740078893539e+00
8.019531980148929762e+00
8.020084187467491077e+00
8.020577470119970798e+00
8.021535803606958837e+00
8.022315583152172636e+00
8.027089588895975680e+00
8.028199183288212026e+00
8.034482896407862285e+00
8.043904236032771493e+00
8.045341189677797544e+00
8.047183554616031742e+00
8.047219071054783512e+00
8.049127250216640661e+00
8.055350267416253374e+00
8.056377074744512257e+00
8.057284490748083172e+00
8.057680894997794496e+00
8.074646635493817115e+00
8.074774090188947540e+00
8.081753308596097085e+00
8.093953624329337515e+00
8.102822253511495987e+00
8.107153765754626207e+00
8.107782589371533177e+00
8.108838680686137224e+00
8.111518801130257472e+00
8.114878874247398954e+00
8.117750657069422004e+00
8.119391864678862092e+00
8.124082633893895178e+00
8.124574167648036749e+00
8.127294463273670999e+00
8.130870483291083417e+00
8.133720572404705251e+00
8.137760743981980127e+00
8.146781782136010008e+00
8.150104180335905113e+00
8.151095648890290590e+00
8.152202946696871066e+00
8.154125873383820888e+00
8.156456281618975623e+00
8.157924189678329441e+00
8.165063665880223809e+00
8.165445711724901301e+00
8.166705057393382816e+00
8.167472503953172591e+00
8.168078481753321185e+00
8.169973850951368632e+00
8.171339762032863163e+00
8.172070890319153236e+00
8.176613494107256130e+00
8.178072535936557586e+00
8.178409025706210755e+00
8.179960314802901422e+00
8.181440961733175143e+00
8.182419946683490153e+00
8.202964984731600850e+00
8.206441474858349849e+00
8.206859871197551115e+00
8.210274942314894631e+00
8.215805651240525975e+00
8.215978673669022569e+00
8.217154468411770551e+00
8.222812198590442989e+00
8.224538734826369435e+00
8.236404363000312756e+00
8.236538213496839234e+00
8.240888284672768904e+00
8.243113175114162416e+00
8.243830080209331612e+00
8.247992379657691941e+00
8.249348516084300087e+00
8.250195117739552941e+00
8.250558401340439829e+00
8.250946071338802312e+00
8.251079257380800058e+00
8.251221741420215139e+00
8.251427384787447750e+00
8.252580142197555091e+00
8.253122225888622765e+00
8.254701644430063823e+00
8.254948711892270197e+00
8.262660775754509856e+00
8.267408175895996081e+00
8.267775838311470338e+00
8.268619810786251634e+00
8.275181087574374317e+00
8.281220783721963130e+00
8.284015617465470882e+00
8.286264737875814745e+00
8.292222623891833067e+00
8.297209941781623854e+00
8.299680121229098262e+00
8.301125709388809781e+00
8.301756997562469209e+00
8.305352128394314803e+00
8.307497958800492910e+00
8.309327112250642244e+00
8.310201189001636735e+00
8.313995356182237728e+00
8.322894612387718993e+00
8.329194215878612084e+00
8.330430049882105337e+00
8.331334133589434643e+00
8.331875123371565550e+00
8.334462955974794696e+00
8.335157785385092666e+00
8.335344022087507909e+00
8.336760182328912805e+00
8.347429526289765533e+00
8.349069957360173433e+00
8.350748273429283941e+00
8.351290711176481807e+00
8.352182511915190233e+00
8.360663323011957360e+00
8.360751348275758943e+00
8.367129866548346229e+00
8.367875686202685515e+00
8.370327709325216858e+00
8.383009599166388881e+00
8.388427211351002555e+00
8.389446193361308701e+00
8.396289115441815554e+00
8.408498148287185003e+00
8.409319182553808503e+00
8.411409076960671527e+00
8.414413172412086084e+00
8.414605267254966492e+00
8.421297066756295635e+00
8.421769913501588434e+00
8.424688502562668546e+00
8.427867736905470863e+00
8.430662728964211539e+00
8.431638036390692648e+00
8.433772830795987829e+00
8.437164391293212162e+00
8.441251058158098175e+00
8.444188794061616932e+00
8.446650368535596698e+00
8.447998083979607387e+00
8.450676191091195832e+00
8.451154064019199552e+00
8.451375931090764126e+00
8.452291264630559908e+00
8.454606325947056078e+00
8.454694442939338472e+00
8.459290096251189439e+00
8.462050619122395645e+00
8.465897042993963950e+00
8.467796870013616584e+00
8.473909791853881046e+00
8.474800912644967710e+00
8.478006488593420542e+00
8.482994600966506482e+00
8.489806278019598196e+00
8.493172449483889608e+00
8.496819340045830060e+00
8.497219481142016306e+00
8.503954545701382983e+00
8.511267454341147953e+00
8.518123024070689553e+00
8.522258461873160940e+00
8.523058318849656700e+00
8.531222184788436635e+00
8.533166941970565134e+00
8.534054109846001879e+00
8.538129432397253638e+00
8.539342628389173129e+00
8.541756079946701163e+00
8.542301310089538191e+00
8.544745729820716562e+00
8.546760321725942688e+00
8.546770332646083546e+00
8.547673239170231696e+00
8.553310034830570174e+00
8.553517547095427886e+00
8.553726368106019606e+00
8.554741088848398789e+00
8.558344297770485554e+00
8.564735074699111550e+00
8.565335419362783753e+00
8.566806559902058638e+00
8.569670285471259419e+00
8.570783761718217875e+00
8.571409551488327949e+00
8.571440872526643773e+00
8.572287887294866238e+00
8.578359149778339798e+00
8.582531602526515258e+00
8.582855072198942281e+00
8.585505686452790997e+00
8.586875482639094059e+00
8.587098899731811841e+00
8.590727366054473180e+00
8.594978362811582784e+00
8.595618271366504359e+00
8.596580420284794855e+00
8.598852422865627787e+00
8.600219076791967510e+00
8.600277107303417878e+00
8.601520061396367822e+00
8.610075724874638681e+00
8.611475923983055836e+00
8.611946604113468240e+00
8.612560970631598423e+00
8.618343742374793948e+00
8.624739025825695293e+00
8.629636412250466293e+00
8.632513663583926800e+00
8.633934186112208309e+00
8.636150625765946387e+00
8.638781782138661214e+00
8.639424132199145845e+00
8.640465992903871850e+00
8.641132348755618864e+00
8.645247177170086061e+00
8.649394302517006139e+00
8.649746055776194709e+00
8.649755172352726618e+00
8.653060152757472423e+00
8.654914036789513432e+00
8.655501665533959610e+00
8.658789452775732087e+00
8.660873813984926173e+00
8.662440297415404444e+00
8.662610975780477673e+00
8.663437410876863254e+00
8.664982563383315295e+00
8.670122502394466579e+00
8.677125500833561489e+00
8.685357554807440650e+00
8.685911356417745921e+00
8.691847414229021851e+00
8.692940995827026285e+00
8.694343679512755330e+00
8.696039685512502615e+00
8.697737922593328008e+00
8.699610566171166681e+00
8.702529875147927640e+00
8.705953849547332979e+00
8.706061768330140893e+00
8.706919124000515708e+00
8.707115949870541272e+00
8.707845864503916289e+00
8.715277687678005591e+00
8.715574673226424096e+00
8.721348814659974025e+00
8.726566766603742309e+00
8.727537285047850091e+00
8.729422715661572241e+00
8.732015932749186859e+00
8.732875363473459274e+00
8.735236883986983614e+00
8.735385967037329280e+00
8.738066661864703377e+00
8.741685551688306077e+00
8.743393085386472308e+00
8.747323780577829666e+00
8.747337269583466579e+00
8.748416999156178875e+00
8.749292716773400258e+00
8.752552522922867340e+00
8.757563274773401574e+00
8.757723051847996487e+00
8.758215521713124119e+00
8.758333883522972485e+00
8.763361111549343718e+00
8.767111893194032390e+00
8.770263012424706517e+00
8.772084537073821409e+00
8.773220451273713749e+00
8.777039443603579016e+00
8.777795085315824863e+00
8.780381364442904513e+00
8.782764753742824837e+00
8.783706965201222516e+00
8.785655138360848326e+00
8.789891985769642702e+00
8.791672455857671764e+00
8.801323560635687215e+00
8.804483988136940553e+00
8.808267954414846557e+00
8.808785738557375566e+00
8.810525761215608043e+00
8.812463015207255168e+00
8.814210868692249790e+00
8.816379553541368708e+00
8.817229609617472263e+00
8.818972098407662941e+00
8.819636278114096228e+00
8.819717128055819089e+00
8.822294148667790381e+00
8.823205400919430730e+00
8.832795612819175801e+00
8.835812241985102844e+00
8.841395824767642964e+00
8.845519224280145920e+00
8.850614503921306664e+00
8.850619633833863631e+00
8.851619833892467426e+00
8.852012847095917181e+00
8.855570786636551617e+00
8.855754164756540092e+00
8.855965677229926669e+00
8.858326660558510923e+00
8.858574558941969102e+00
8.866702658617320765e+00
8.867925631820609667e+00
8.868601418654494140e+00
8.871416127688116049e+00
8.872313823051710457e+00
8.875508936213694966e+00
8.880419854856100415e+00
8.883465155625104970e+00
8.889484977281066236e+00
8.889825182567422601e+00
8.892063891510970208e+00
8.893166711942830815e+00
8.895384814944241825e+00
8.895746243371714712e+00
8.896728238543794021e+00
8.899643481193319161e+00
8.900408457663900208e+00
8.904517350779457274e+00
8.906579101451082892e+00
8.909921180288385756e+00
8.910602587119978324e+00
8.911290411493506980e+00
8.912578478137957561e+00
8.913273438789605763e+00
8.914797255201353465e+00
8.917542227233601793e+00
8.920270368571349806e+00
8.930639851753698011e+00
8.930809950858275670e+00
8.931522970747867163e+00
8.932132692988391298e+00
8.934227549274485369e+00
8.935169458266996045e+00
8.935206091871961576e+00
8.935977790062684889e+00
8.937830885187585395e+00
8.938452935465456051e+00
8.942597212759016756e+00
8.946850642548321630e+00
8.947782886783823386e+00
8.948699525030100688e+00
8.951028425648132725e+00
8.954446289642167045e+00
8.957552298412792879e+00
8.958735980451667302e+00
8.961021061813248423e+00
8.963324791554612148e+00
8.963715755042731104e+00
8.964626220642545107e+00
8.965691791288913137e+00
8.965788963859381511e+00
8.977471043219320990e+00
8.980600379986080739e+00
8.982704294419518121e+00
8.987527766759004777e+00
8.988158605414124480e+00
8.998655301777832349e+00
9.002293957858283235e+00
9.003580995371244455e+00
9.005088696043427987e+00
9.006794518453967058e+00
9.009980662154497111e+00
9.017334818118248663e+00
9.021193625769416968e+00
9.025465776832163556e+00
9.030401416189681285e+00
9.036084002755995215e+00
9.037198977416608159e+00
9.039192044011533866e+00
9.039364583453631141e+00
9.039412757888426242e+00
9.040600742773152732e+00
9.041666249290152280e+00
9.041951417214445286e+00
9.045454727863766919e+00
9.047666060401795107e+00
9.048626692604999633e+00
9.051251753513684051e+00
9.051977572889272849e+00
9.058621553158987538e+00
9.059871926150455224e+00
9.065213825397593794e+00
9.066205132255776178e+00
9.066470297198311101e+00
9.067046046153595995e+00
9.067776143477480844e+00
9.070062583599636241e+00
9.070466644957402735e+00
9.077960641177337919e+00
9.078085383648355489e+00
9.084781038480995718e+00
9.086307676132481248e+00
9.088772815391660487e+00
9.090061755240430585e+00
9.095937465341670247e+00
9.097491018490508452e+00
9.102901265234301320e+00
9.105565595721545336e+00
9.106075726363449974e+00
9.108582895396580170e+00
9.108935978559314250e+00
9.109058113078853935e+00
9.109726972294316383e+00
9.112915316917746367e+00
9.113086799970426810e+00
9.113591891949017310e+00
9.114648450389436718e+00
9.114693892317104584e+00
9.115463999135632989e+00
9.117804535295350732e+00
9.122441638082419146e+00
9.124287728040231471e+00
9.125260890759832932e+00
9.125985956445692437e+00
9.126330320627475956e+00
9.128373649009878577e+00
9.129088885193171521e+00
9.130092629560152773e+00
9.130694759812875816e+00
9.135318079366907540e+00
9.137292621621810440e+00
9.142620000276547643e+00
9.143509705648648733e+00
9.143943749775845120e+00
9.151872785686650857e+00
9.154279059966205168e+00
9.155218640837365029e+00
9.156334136975496918e+00
9.156375399641817125e+00
9.156887470036730647e+00
9.160424942670887916e+00
9.161526499762501885e+00
9.165379055452985924e+00
9.168091493981865625e+00
9.168307146941019781e+00
9.168553612367917438e+00
9.172545865860428194e+00
9.175049559565650270e+00
9.176222113633190958e+00
9.177610029991475571e+00
9.177758975002639374e+00
9.180509919068315483e+00
9.184549037970551666e+00
9.188872599743969971e+00
9.191164291656928498e+00
9.195179978321686320e+00
9.200726339473384030e+00
9.203739723516109805e+00
9.205068121277038884e+00
9.209732894834296246e+00
9.210908356518119788e+00
9.211508441397839420e+00
9.211524879500668561e+00
9.212575204601199275e+00
9.213345583634001912e+00
9.217031769768864180e+00
9.221253896370850356e+00
9.221859955396062958e+00
9.224809076602529245e+00
9.231135075534750101e+00
9.231182205094034643e+00
9.231407284382576961e+00
9.234931975121748238e+00
9.239433149928006017e+00
9.247452715992316996e+00
9.249412338970364189e+00
9.251873854052597324e+00
9.253928900960017856e+00
9.254240394065472941e+00
9.256364639522482562e+00
9.256899210647823395e+00
9.258678802578758749e+00
9.264098776730353535e+00
9.267724762933962523e+00
9.271078706736249231e+00
9.271878595383920896e+00
9.272107759839233410e+00
9.275816179817994112e+00
9.275842802761465222e+00
9.276968467990748479e+00
9.278760277882314611e+00
9.279425162618879952e+00
9.279797022563021969e+00
9.280401254807815192e+00
9.280488100260045670e+00
9.284073461099014324e+00
9.287645534641045586e+00
9.288183256735464965e+00
9.293945563448728464e+00
9.295325721160711652e+00
9.295598651746416863e+00
9.295758090828796227e+00
9.295914514748567115e+00
9.296653571534209348e+00
9.297822320044387467e+00
9.299893135270320244e+00
9.300187866151306437e+00
9.300198015612270552e+00
9.300261080030516325e+00
9.309222911147298163e+00
9.316107300870742236e+00
9.316141129374369001e+00
9.317504104399727538e+00
9.318895355180798035e+00
9.319343588925834254e+00
9.320180279292264558e+00
9.320315340144706084e+00
9.321575925399089968e+00
9.323299290325962829e+00
9.325105703652782907e+00
9.326073132628277307e+00
9.329518108202893956e+00
9.332036069229681985e+00
9.332193020180813647e+00
9.332245476144858998e+00
9.336257206391103125e+00
9.337085103621014071e+00
9.340936765354884486e+00
9.342239663788600268e+00
9.343110119416458303e+00
9.344842456518664520e+00
9.346139164494813301e+00
9.347644447416410429e+00
9.347702106729810723e+00
9.349149333755217839e+00
9.350150029067958002e+00
9.352614528157731755e+00
9.356232357531187205e+00
9.356272668139897775e+00
9.366739159119862990e+00
9.371174243555437045e+00
9.373235253899563801e+00
9.375938373399371528e+00
9.376522470078834104e+00
9.376861943423200785e+00
9.383814066974290213e+00
9.388047012412942038e+00
9.392801241480237096e+00
9.392965625360991666e+00
9.393152917871304908e+00
9.393365742991722556e+00
9.394479435690977098e+00
9.395985064893869421e+00
9.401602952722551976e+00
9.403146887451741875e+00
9.405106196573354893e+00
9.406544915924143879e+00
9.408242227323128759e+00
9.413608317430037786e+00
9.414102396498797987e+00
9.414984362960140629e+00
9.417462496566027852e+00
9.417981287468281337e+00
9.419586735977524938e+00
9.419780491746733375e+00
9.421017575815737288e+00
9.421752586749898128e+00
9.421794451856612795e+00
9.422958469631945277e+00
9.423047942846759284e+00
9.427478804112910282e+00
9.427850893995611159e+00
9.429591007348872012e+00
9.430194776241748400e+00
9.432572551551118067e+00
9.435565313473396998e+00
9.437774281269287968e+00
9.443990541262920146e+00
9.448720382686383701e+00
9.450039419973027321e+00
9.452091130696157251e+00
9.453735280527347129e+00
9.458028223763330189e+00
9.459800941897956505e+00
9.460068721054534890e+00
9.462442972903804872e+00
9.463069605587740796e+00
9.467509492053576281e+00
9.470494475732415651e+00
9.472405520399604484e+00
9.474161654766222185e+00
9.474262326454635286e+00
9.475724064320926843e+00
9.476215354522448564e+00
9.477442001814061712e+00
9.480314217681982569e+00
9.480360409144747535e+00
9.483040071949101701e+00
9.483214094562447016e+00
9.487380818128471560e+00
9.488678661903882983e+00
9.489301701999652394e+00
9.490521584248753584e+00
9.496450393239975085e+00
9.502819460450833589e+00
9.505777623356649997e+00
9.506328479764221129e+00
9.507095420290381682e+00
9.508504465402344508e+00
9.509560962681165464e+00
9.510648802472617902e+00
9.511852652793409746e+00
9.515479687549333931e+00
9.519709454374838842e+00
9.525843521766507394e+00
9.527841776459966994e+00
9.529927440427018226e+00
9.532071556726114281e+00
9.532609551948135973e+00
9.533043252243992072e+00
9.536985728832892306e+00
9.539023524519596009e+00
9.539553526794728455e+00
9.540704806924502179e+00
9.546702779365158875e+00
9.552188374430649276e+00
9.554389738837066659e+00
9.556780410364467571e+00
9.563433918161475589e+00
9.564456455609333219e+00
9.565477887858518713e+00
9.566986464149154656e+00
9.571138465429196884e+00
9.571645571385007045e+00
9.571849548233123173e+00
9.574063996531036125e+00
9.578054827378569058e+00
9.582923247033603431e+00
9.583521899355760709e+00
9.585160998848735403e+00
9.586010095708612511e+00
9.587220707156991040e+00
9.588657127566564853e+00
9.590524682082197216e+00
9.591366536264835929e+00
9.592301261218457498e+00
9.594207235480684659e+00
9.594615598592937999e+00
9.596154611379130728e+00
9.599096692440602041e+00
9.605088512535710166e+00
9.609210217313160385e+00
9.616585866437622698e+00
9.616958209724039364e+00
9.619831115805625998e+00
9.622683444384803053e+00
9.631553519963134136e+00
9.632313854504619854e+00
9.634279589964695134e+00
9.634980362430949796e+00
9.637821670244253625e+00
9.640643255538783762e+00
9.646554804285001339e+00
9.649243128282350312e+00
9.649418310692015055e+00
9.651479656258336703e+00
9.651723522096402164e+00
9.654524601902608083e+00
9.655273314662268902e+00
9.656441284851132068e+00
9.659787918963266051e+00
9.660583506586146285e+00
9.661878287747979854e+00
9.664526896077937579e+00
9.665245241848776203e+00
9.666095324649621290e+00
9.667578637954044041e+00
9.668125246423162622e+00
9.671965406989794900e+00
9.675693965083141279e+00
9.677865275469663686e+00
9.690603507965036556e+00
9.691367532737169554e+00
9.692675968610814152e+00
9.697673849437927984e+00
9.698878975989396523e+00
9.702733894806131687e+00
9.703283372599619483e+00
9.703683606758888303e+00
9.706744111605114966e+00
9.708179714081293099e+00
9.711118609520809741e+00
9.711650511008183884e+00
9.714315799452275968e+00
9.716199458728794980e+00
9.722656241795627707e+00
9.725803144722352300e+00
9.727701533581790017e+00
9.727892419245087297e+00
9.730299345493845564e+00
9.731160711964919940e+00
9.731875812862512021e+00
9.733270876252429815e+00
9.733425602310422420e+00
9.736075180387036454e+00
9.737209968634676471e+00
9.738784567429792816e+00
9.741099947725604835e+00
9.742433756927379562e+00
9.744186304543967836e+00
9.744366436643474572e+00
9.749016980967919466e+00
9.750985117279181935e+00
9.753197883036419213e+00
9.754242848052761872e+00
9.759335951932216702e+00
9.761394034428148458e+00
9.763591197520019804e+00
9.764291327509596385e+00
9.765339591158795685e+00
9.767633400094879903e+00
9.767780594282404749e+00
9.768015746127108656e+00
9.768744714469656643e+00
9.768837014437155020e+00
9.770962392721477485e+00
9.772071884897982841e+00
9.772904158109058770e+00
9.773450336153000961e+00
9.775209671319881721e+00
9.775365489591706591e+00
9.778499242366173405e+00
9.788451428211736527e+00
9.788525491638520037e+00
9.788573040292618543e+00
9.789950375689540962e+00
9.792190908990852094e+00
9.800004067152608300e+00
9.802717400896169053e+00
9.803096337215235323e+00
9.803506451690445545e+00
9.805505942500779781e+00
9.806727753309477436e+00
9.807845588252703806e+00
9.808983948766597294e+00
9.809671318453551336e+00
9.811489351279497839e+00
9.812346961083857622e+00
9.813596883746395605e+00
9.815439410427195810e+00
9.816893962490780723e+00
9.818183853785034998e+00
9.822898574760962731e+00
9.823111283785147307e+00
9.823244762876074176e+00
9.826478370135529161e+00
9.827829840628794500e+00
9.829266093429023243e+00
9.829518065190804066e+00
9.834941596845141021e+00
9.835170222070614088e+00
9.836523414199914939e+00
9.841882434805818036e+00
9.843915897704196283e+00
9.847234602195154451e+00
9.859365034456985200e+00
9.861982395136204005e+00
9.864398221300387348e+00
9.864716116644741462e+00
9.868173972112137093e+00
9.868668902209709159e+00
9.873530031405916674e+00
9.874702243292706072e+00
9.874746831969845928e+00
9.875208406797007399e+00
9.876715824316994130e+00
9.881472116243230630e+00
9.886273790331609135e+00
9.888361822186270800e+00
9.895669336679699057e+00
9.896901919297821593e+00
9.897108764843935091e+00
9.897338311246793197e+00
9.897956250986968740e+00
9.898159072773101030e+00
9.898504578062556902e+00
9.898737068211842072e+00
9.900682524736476253e+00
9.901157912664054095e+00
9.902234522551754736e+00
9.906228365245148382e+00
9.906652869601416000e+00
9.909899758306794482e+00
9.917398326906612382e+00
9.924763637363088975e+00
9.926112220890265903e+00
9.933491236820607639e+00
9.934309028736082681e+00
9.937079861598215658e+00
9.939058973359955473e+00
9.940772903137338190e+00
9.943837689805135938e+00
9.948911882774526205e+00
9.948964489692937008e+00
9.952203592371652974e+00
9.952519846044463492e+00
9.953328179875725823e+00
9.953435085358130152e+00
9.954929783775721575e+00
9.956490383396630506e+00
9.956629518692176717e+00
9.956780170266629426e+00
9.957017707814539875e+00
9.958400464008196451e+00
9.963495341012366779e+00
9.964078597591580433e+00
9.969268468267399541e+00
9.971298838245768792e+00
9.972015647357320489e+00
9.975644573288967365e+00
9.975911634048948429e+00
9.979393757418089095e+00
9.981347799168831969e+00
9.985500058337272833e+00
9.985771450563696305e+00
9.985811818236179249e+00
9.986180619672868630e+00
9.986595754241397671e+00
9.987260304876668826e+00
9.988817987024386724e+00
9.989999578505091904e+00
9.990498933056306541e+00
9.991621473305249523e+00
9.995435581681700654e+00
9.995911684888168836e+00
9.996077080005314031e+00
9.996774590719345710e+00
1.000285349945503199e+01
1.000542434212233367e+01
1.000746171566359877e+01
1.001287928389107407e+01
1.001316373587149577e+01
1.001471403191865228e+01
1.001650814749040919e+01
1.001716673645749722e+01
1.001774055437400968e+01
1.001932940489270152e+01
1.002051450651136655e+01
1.002090123709836966e+01
1.002552214912005368e+01
1.002777805318862825e+01
1.002796014449737783e+01
1.003218047092401832e+01
1.003235614904645523e+01
1.003293385537816818e+01
1.003669062718879879e+01
1.003852601408246947e+01
1.004068897025556417e+01
1.004110574041311565e+01
1.004111721879851160e+01
1.004167491375241283e+01
1.004385027057726454e+01
1.004480730242771180e+01
1.004506808147348629e+01
1.004563258242443524e+01
1.004819381424365332e+01
1.004856837731658992e+01
1.004913089471613397e+01
1.004987326722292451e+01
1.004999952812650577e+01
1.005136683119681429e+01
1.005155873494044450e+01
1.005251829551458620e+01
1.005633915720103921e+01
1.005695828087980814e+01
1.005932818339660173e+01
1.005935790570739741e+01
1.006089704924982264e+01
1.006309672944200351e+01
1.006527520728464609e+01
1.006703197198821265e+01
1.006798785400141938e+01
1.007076209470656281e+01
1.007088122191799684e+01
1.007428972953323587e+01
1.007472749508545817e+01
1.007989685888514231e+01
1.008016204654581749e+01
1.008033128762795272e+01
1.008058931710639783e+01
1.008077068086440065e+01
1.008219342895995041e+01
1.008663912445814148e+01
1.008722156154994920e+01
1.009173703080664097e+01
1.009245039538258659e+01
1.009791736476397261e+01
1.009827419775941948e+01
1.009849621554590193e+01
1.009910214704450127e+01
1.010037605699998586e+01
1.010088312749149253e+01
1.010234708159494055e+01
1.010239444627460870e+01
1.010424658351098337e+01
1.010616327730846464e+01
1.011088366304187325e+01
1.011197730256713001e+01
1.011835688715608583e+01
1.011899402925489966e+01
1.012100798067423391e+01
1.012403506092536531e+01
1.012757270352881633e+01
1.013102818534328264e+01
1.013105272489205255e+01
1.013135117676550934e+01
1.013264556682422324e+01
1.013460859005497028e+01
1.014491166994045557e+01
1.014519246687084220e+01
1.014669511023205928e+01
1.015078978245136199e+01
1.015083631276702292e+01
1.015222621112987511e+01
1.015744290011875783e+01
1.015786750999690291e+01
1.015912007264427430e+01
1.016007449120079897e+01
1.016533081440548969e+01
1.016726005166691493e+01
1.016995494586528714e+01
1.017369801402917062e+01
1.017400949909521302e+01
1.017962177301496141e+01
1.017998893005536942e+01
1.018596489849428188e+01
1.018750931536556337e+01
1.018824105517838952e+01
1.018940226789078984e+01
1.019132249732790285e+01
1.019410793688270545e+01
1.019995051905196704e+01
1.020445718393407120e+01
1.020563600038528307e+01
1.020592492325554446e+01
1.020617479341218115e+01
1.020768099948221597e+01
1.020987395411914278e+01
1.022028053543900405e+01
1.022228019969039892e+01
1.022507366631443482e+01
1.022518850047207728e+01
1.022597981451004401e+01
1.022632597237435803e+01
1.022717501711559862e+01
1.022824008571491028e+01
1.022828871104533732e+01
1.022868514727627698e+01
1.022903961201486744e+01
1.023097207376242501e+01
1.023158038997780039e+01
1.023164853634658655e+01
1.023333310123503637e+01
1.023535324715854067e+01
1.023645643271328964e+01
1.023794549702245504e+01
1.023888736153020318e+01
1.023957740162327390e+01
1.024606920502082552e+01
1.024706661593249102e+01
1.025133792749394601e+01
1.025826684383387466e+01
1.026002607370648256e+01
1.026103192736980674e+01
1.026124254971170480e+01
1.026331905012248491e+01
1.026446379609435056e+01
1.026578849850750608e+01
1.026733178707821637e+01
1.026794448191363607e+01
1.026967483023340932e+01
1.027024809378589332e+01
1.027279989592942044e+01
1.027293536850392286e+01
1.027315598494139692e+01
1.027430280170155719e+01
1.027569829553852365e+01
1.027582861860408237e+01
1.027683547695352217e+01
1.027750143209448552e+01
1.028017997078060297e+01
1.028534062504079749e+01
1.029271472531545228e+01
1.029472077385847228e+01
1.029896155487313081e+01
1.029906078156157889e+01
1.029952770740655943e+01
1.030021878191064566e+01
1.030414625560978692e+01
1.030585572459879273e+01
1.030877984039351780e+01
1.030958729479462122e+01
1.031045373992309244e+01
1.031132632967904783e+01
1.031200308910094954e+01
1.031401165746693671e+01
1.031411362235634854e+01
1.031464773809062052e+01
1.031731992646476392e+01
1.031961902487766025e+01
1.032084945714341373e+01
1.032401279701590724e+01
1.032447824868072139e+01
1.032468506200806679e+01
1.032830415223274301e+01
1.033107397762852386e+01
1.033120533950531517e+01
1.033490588037875924e+01
1.033768737561368845e+01
1.033874808299020920e+01
1.034129177329836047e+01
1.034199690833252205e+01
1.034415791300642340e+01
1.034561252493683625e+01
1.034620435781198999e+01
1.035846493847850880e+01
1.036026446972586790e+01
1.036463752591116361e+01
1.037071902161129167e+01
1.037359207672603034e+01
1.037363916563163713e+01
1.037444204121092284e+01
1.037470470221581564e+01
1.037560842848518661e+01
1.038004659601603663e+01
1.038106116517570676e+01
1.038227591569192043e+01
1.038388497749583550e+01
1.038753921960164739e+01
1.038925679540263936e+01
1.038986654206443561e+01
1.039102136270807719e+01
1.039141861067729700e+01
1.039144649850127955e+01
1.039219399975366187e+01
1.039510170256371957e+01
1.039604816651626606e+01
1.040210073015533965e+01
1.040504047747826633e+01
1.040749885917912465e+01
1.040869472796854112e+01
1.040878646273735875e+01
1.041093446069097617e+01
1.041220701698609474e+01
1.041242227205752613e+01
1.041340969786738668e+01
1.041341405527479935e+01
1.041464162506473556e+01
1.041580561272131433e+01
1.042076535412427241e+01
1.042296327794653976e+01
1.042301600416440976e+01
1.042394988456729621e+01
1.042652909823872598e+01
1.042705448387483003e+01
1.043497554027723950e+01
1.043524110002371508e+01
1.043724342495213619e+01
1.043757368074440173e+01
1.043819478401586665e+01
1.044219236851093413e+01
1.044309786944631924e+01
1.044359289874139662e+01
1.044376220784460152e+01
1.044639581696173813e+01
1.044646724675131111e+01
1.044660206076065379e+01
1.045047903111539433e+01
1.045192962740054199e+01
1.045216845320549304e+01
1.045252441553624223e+01
1.045660478505778634e+01
1.045859083392840283e+01
1.046236811560346602e+01
1.046451756689191903e+01
1.046582478784629977e+01
1.046675946338874930e+01
1.047027752478848051e+01
1.047415868214279300e+01
1.047430982681100176e+01
1.047548402215767638e+01
1.047594298890803799e+01
1.047672939250795210e+01
1.047676135227960970e+01
1.047735377496241327e+01
1.048085024345553506e+01
1.048248134080185245e+01
1.048983889693555582e+01
1.049100087628404410e+01
1.049236253355629067e+01
1.050382702352821340e+01
1.050461841548751707e+01
1.050751784437814607e+01
1.050754027672411262e+01
1.051260083748421437e+01
1.051335547994498221e+01
1.051350031311098299e+01
1.051421777004161129e+01
1.051478504227613975e+01
1.051599620519967360e+01
1.051643286518982556e+01
1.051648390157563817e+01
1.051806965210380440e+01
1.052137543001240338e+01
1.052334838774100412e+01
1.052389988642383400e+01
1.052567836746439589e+01
1.052623313515007375e+01
1.052685660508928045e+01
1.052974704049148613e+01
1.053031963082013078e+01
1.053248209004667935e+01
1.053764467586725218e+01
1.053913764380459561e+01
1.054116714159310320e+01
1.054659832385586782e+01
1.054752846008338629e+01
1.055073081959728398e+01
1.055104676603497182e+01
1.055162276051780168e+01
1.055233201346924510e+01
1.055489824152803280e+01
1.055775124681636257e+01
1.056206784070647409e+01
1.056278230301154863e+01
1.056392353947999574e+01
1.056400851904346361e+01
1.056440594088461538e+01
1.056443712578944805e+01
1.056469890946872603e+01
1.056640008295214272e+01
1.056739069336168946e+01
1.056883030411338176e+01
1.057213126442403528e+01
1.057312525646178791e+01
1.057346222944696024e+01
1.057371274881311329e+01
1.057494326483073088e+01
1.057613850603868499e+01
1.058545447838810993e+01
1.058812741649350464e+01
1.058820126608915224e+01
1.058836736296734671e+01
1.058921938836834897e+01
1.059204565104487017e+01
1.059362249362964015e+01
1.059505856215854713e+01
1.059613841373923115e+01
1.059624574256831053e+01
1.059661863209183963e+01
1.059836952148348210e+01
1.059902248489721188e+01
1.059934540808147219e+01
1.059936227844844403e+01
1.060073722392689888e+01
1.060308431397705320e+01
1.060552994683318140e+01
1.061098472860176400e+01
1.061222953627368781e+01
1.061286982671571444e+01
1.061382233231336869e+01
1.061458170854287886e+01
1.061597165794910680e+01
1.061615699517377642e+01
1.061892660859913384e+01
1.061940322060143416e+01
1.061953519816484004e+01
1.062332696313353431e+01
1.062860462504565717e+01
1.063462511394125265e+01
1.063843308644961638e+01
1.064189653721814999e+01
1.064422750063877565e+01
1.064425044023563949e+01
1.064447030396664040e+01
1.064452900154231330e+01
1.064523156695755901e+01
1.064641542467933277e+01
1.065020424064295668e+01
1.065463506623641976e+01
1.065533145226035394e+01
1.065549904084861055e+01
1.065640283089577878e+01
1.065668813722434649e+01
1.065704883836981409e+01
1.065993540213420943e+01
1.066130509073666133e+01
1.066534224067579650e+01
1.067127378214603972e+01
1.067517715079829266e+01
1.068336241661591046e+01
1.068517027092757843e+01
1.068580097084962688e+01
1.068590797515096114e+01
1.068701115986631933e+01
1.068772866153285861e+01
1.068891533710423047e+01
1.069134919765016001e+01
1.069564863884142270e+01
1.069902853555406175e+01
1.070336944319534744e+01
1.070875080680186642e+01
1.071106076672581153e+01
1.071454556864845564e+01
1.071505483468659037e+01
1.071651282422873486e+01
1.071752957790804039e+01
1.072001497754575539e+01
1.072053498013409722e+01
1.072111300819566182e+01
1.072394631299671985e+01
1.072453285394455769e+01
1.072525968325074075e+01
1.072586095341021029e+01
1.072604117168512161e+01
1.072640375410657398e+01
1.072998025392842258e+01
1.073243195933569183e+01
1.073444096869609332e+01
1.073469629083983712e+01
1.073982060839514219e+01
1.074300692036035265e+01
1.074332028244023007e+01
1.074435994561037511e+01
1.074436113797920100e+01
1.074516142318706002e+01
1.074690047569104934e+01
1.074959922838941928e+01
1.075264550286556364e+01
1.075374276965656861e+01
1.075454681238224630e+01
1.075560448467471453e+01
1.075627522885708665e+01
1.075689311649243152e+01
1.075760753761234767e+01
1.076017930873570272e+01
1.076018035383250115e+01
1.076315864298982916e+01
1.076330878893979204e+01
1.076356881958877665e+01
1.076432591128290994e+01
1.076566563470871962e+01
1.076578220977254219e+01
1.076578955284928796e+01
1.076631106566740925e+01
1.076676046066098102e+01
1.076954811975414472e+01
1.076991891033445370e+01
1.077056243045969808e+01
1.077920774526335990e+01
1.078194611909376377e+01
1.078594676280762599e+01
1.078659026184507397e+01
1.078690334768974068e+01
1.078706955742575779e+01
1.078787908542117258e+01
1.078817393538503033e+01
1.078856384615432873e+01
1.078923345204673545e+01
1.079053402354007396e+01
1.079187511170849945e+01
1.079247904086991383e+01
1.079933939386929254e+01
1.080134871311714662e+01
1.080255526294556567e+01
1.080504543088787628e+01
1.080614065053879891e+01
1.081085250500371764e+01
1.081153472347848776e+01
1.081260933153816595e+01
1.081515823541521115e+01
1.081721673665273720e+01
1.082036682997267185e+01
1.082104540542821880e+01
1.082121109935008363e+01
1.082234981234368654e+01
1.082379787256315140e+01
1.082530340908843414e+01
1.082716078140771465e+01
1.082934003711075732e+01
1.083169802762527389e+01
1.083298401148475598e+01
1.083538029536809510e+01
1.083609727979532344e+01
1.083689168993322482e+01
1.083801961085650589e+01
1.084094162532405292e+01
1.084312726191345178e+01
1.084505125056731600e+01
1.084545253393707753e+01
1.084628294752644884e+01
1.084652443121879450e+01
1.085002116185934185e+01
1.085201190874721000e+01
1.085346680171127787e+01
1.085511772704392897e+01
1.085565607960744572e+01
1.085594166137608774e+01
1.085685860553037152e+01
1.085744824345738380e+01
1.085751819864973022e+01
1.085926969696113531e+01
1.086205085442072971e+01
1.086210134242051950e+01
1.086270361008886276e+01
1.086426515123158687e+01
1.086478677836551299e+01
1.086766634025405054e+01
1.086818377040248151e+01
1.086851903157701926e+01
1.087129757694796162e+01
1.087156987841979472e+01
1.087251740565766411e+01
1.087481948817980459e+01
1.087505973809764015e+01
1.087749978714223076e+01
1.087927790972270792e+01
1.088106136321591855e+01
1.088414970839120421e+01
1.088676634712346569e+01
1.088782128702164087e+01
1.088790962232717519e+01
1.088877153261477382e+01
1.088906531862889970e+01
1.089005536960750753e+01
1.089306391668081808e+01
1.089393020798504885e+01
1.089666138956191688e+01
1.089969426634687721e+01
1.090574767415317226e+01
1.090640393818542897e+01
1.090807642199435001e+01
1.091212026857846595e+01
1.091229539877678967e+01
1.091231412649024968e+01
1.091317035346460607e+01
1.091986842092320664e+01
1.092154667298555815e+01
1.092315159391709933e+01
1.093102661853711055e+01
1.093404827824551795e+01
1.093446019660828661e+01
1.093673642701100590e+01
1.093813412165980914e+01
1.093900434371318653e+01
1.093936142880105322e+01
1.094086687389411949e+01
1.094358473344761151e+01
1.094483027336226044e+01
1.094888801444532156e+01
1.095200153213886196e+01
1.095333621253239897e+01
1.095497195367690502e+01
1.095539142098487773e+01
1.095883407402092935e+01
1.096011557693839045e+01
1.096452837315013973e+01
1.096714327693286073e+01
1.097077729875486796e+01
1.097184276169757844e+01
1.097207689969852140e+01
1.097511891746461821e+01
1.097703263990882405e+01
1.097899192946688807e+01
1.097943874783193507e+01
1.098132944361180918e+01
1.098297131620307354e+01
1.098735742452540620e+01
1.098778065793850800e+01
1.098859584732723782e+01
1.098860262813096966e+01
1.098999899714680240e+01
1.099079545409201941e+01
1.099092092383595443e+01
1.099096546244122585e+01
1.099209398916906366e+01
1.099312136729935396e+01
1.099988515474488082e+01
1.100008743530229793e+01
1.100096538159223414e+01
1.100176837493688176e+01
1.100672612003739204e+01
1.100708573129880818e+01
1.101132266700774842e+01
1.101207786526653187e+01
1.101218703208564342e+01
1.101513643322715374e+01
1.101519797332468897e+01
1.101573886687688208e+01
1.102454866958259316e+01
1.102847064642729435e+01
1.102965826989735199e+01
1.102986794413672023e+01
1.103749678476899021e+01
1.104076379163844202e+01
1.104181143837654311e+01
1.104448662519827984e+01
1.104582407953032508e+01
1.105000337742834660e+01
1.105827399063778849e+01
1.106255984493456879e+01
1.106588608854591094e+01
1.106662388240063244e+01
1.106871016848256239e+01
1.107004808943146124e+01
1.107142831041628384e+01
1.107215267787483981e+01
1.107283126240325899e+01
1.107421861726976431e+01
1.107428514654709062e+01
1.107646115330840786e+01
1.107971695107953103e+01
1.108709037251931662e+01
1.108715727259354189e+01
1.108927940989261884e+01
1.109194762654388278e+01
1.109230682077171082e+01
1.109474389251469439e+01
1.109855891843028530e+01
1.110344622659389913e+01
1.110368462149597590e+01
1.110539792376441603e+01
1.111630471777963258e+01
1.111971057658793072e+01
1.112048258362454511e+01
1.112051148862279781e+01
1.112364212666977004e+01
1.112591748779628453e+01
1.112668566356372324e+01
1.112896212680626995e+01
1.112964478116544420e+01
1.113196611408820402e+01
1.113348964228669935e+01
1.113426202069227600e+01
1.114527898609664902e+01
1.114701314802102949e+01
1.114740818383148024e+01
1.115141828485943343e+01
1.115314488012061211e+01
1.115350766332745813e+01
1.115383898641528049e+01
1.115452491754996878e+01
1.115571552031739166e+01
1.115705841287065425e+01
1.115941512405965241e+01
1.116421922843705516e+01
1.116525319451998222e+01
1.116579633473785726e+01
1.117137458923538063e+01
1.117149876565495070e+01
1.117517392663453535e+01
1.117528506358838847e+01
1.117618967349004677e+01
1.117623146547664703e+01
1.118059428509524800e+01
1.118244228786956640e+01
1.118668455043956200e+01
1.118690410096831656e+01
1.118794775259119589e+01
1.119051621166085653e+01
1.119096869456081578e+01
1.119104116941055338e+01
1.119162597130243775e+01
1.119445118057867816e+01
1.119656258407207794e+01
1.119981224912424622e+01
1.120300974534893790e+01
1.120625564941436281e+01
1.120692835603827220e+01
1.120702240324401089e+01
1.120843504798371626e+01
1.121026785667720915e+01
1.121119849101533639e+01
1.121347651725995931e+01
1.121819545041718236e+01
1.121881854332745299e+01
1.121963560205410460e+01
1.122028330300980770e+01
1.122149011839819543e+01
1.122504528748135577e+01
1.122787240473433812e+01
1.122988980432474726e+01
1.123088699504485710e+01
1.123160536012479760e+01
1.123175017619908367e+01
1.123365486455690743e+01
1.123450442900674418e+01
1.123555999271846773e+01
1.123718394946542709e+01
1.123791323711720480e+01
1.123856935078486785e+01
1.123981167138204462e+01
1.124029116836490694e+01
1.124453787212969935e+01
1.124571994031940392e+01
1.124626769077858768e+01
1.124649197896680342e+01
1.124758221604307451e+01
1.124791025260375044e+01
1.124835071979233803e+01
1.124855376789698624e+01
1.125001519871635303e+01
1.125140252287742548e+01
1.125494488201429100e+01
1.125547104066671089e+01
1.125657040258906960e+01
1.125825154669547956e+01
1.125841555354429246e+01
1.125886456267591740e+01
1.126023785700871294e+01
1.126196069873000383e+01
1.126251305888857246e+01
1.126719212506766610e+01
1.126777162530451015e+01
1.127250084333150681e+01
1.127515175555845417e+01
1.127876803000175698e+01
1.127999354059561554e+01
1.128138912288868845e+01
1.128400247128855227e+01
1.128726422677802965e+01
1.128912836482404103e+01
1.129005851676392247e+01
1.129020358673579594e+01
1.129036991176103477e+01
1.129319352585699399e+01
1.129411559187149905e+01
1.129478495168431529e+01
1.129773637104868200e+01
1.129790761139342870e+01
1.129795978997237249e+01
1.129863354431976141e+01
1.129883741802066233e+01
1.129906206404564095e+01
1.130062657466949894e+01
1.130544491708622346e+01
1.130544613882569926e+01
1.130664634434103810e+01
1.130679814246420989e+01
1.130816696651222841e+01
1.130859869992143452e+01
1.131059463189972725e+01
1.131081229268709620e+01
1.131508137075273090e+01
1.131568053720428146e+01
1.131705730427075451e+01
1.131828950619899388e+01
1.132200883659066371e+01
1.132308860706783804e+01
1.132770527486849055e+01
1.132921364432984745e+01
1.133059355190862405e+01
1.133074663086846101e+01
1.133083265042975007e+01
1.133091769240567892e+01
1.133385702558626207e+01
1.133712525374841817e+01
1.134485319432975814e+01
1.134495752745941743e+01
1.134549306490466236e+01
1.134689098034358068e+01
1.134844284186415564e+01
1.134900305241015239e+01
1.135187136778372796e+01
1.135276343219554995e+01
1.135798447507578679e+01
1.135837761041156391e+01
1.135933917729590448e+01
1.135979199162652975e+01
1.136775127378066763e+01
1.136898511581738092e+01
1.136973549048021681e+01
1.136991480091110063e+01
1.137063029655335100e+01
1.137089238755936194e+01
1.137094351531943204e+01
1.137188802875912685e+01
1.137620803899097055e+01
1.137825232977577627e+01
1.137998633248828106e+01
1.138340836189926542e+01
1.138522295241568116e+01
1.138724703688884965e+01
1.138906359757556075e+01
1.139121430267982049e+01
1.139213252127793652e+01
1.139438675022050695e+01
1.139815446188988446e+01
1.140388011729940665e+01
1.140688317400897489e+01
1.140822829833473584e+01
1.141828589760548951e+01
1.141993789682431704e+01
1.142470475349744063e+01
1.142539336984964216e+01
1.142939771798302218e+01
1.143051344279046688e+01
1.143316591570300211e+01
1.143318096086961511e+01
1.143553854051288532e+01
1.143662122840495421e+01
1.143703247832005943e+01
1.143758251615096633e+01
1.143761737668191891e+01
1.143798570399763292e+01
1.143909388991405152e+01
1.144142091212538226e+01
1.144209824717996149e+01
1.144273295960131165e+01
1.144633482713743611e+01
1.144815734450098965e+01
1.144969161730121066e+01
1.145135535836571350e+01
1.145217971318957950e+01
1.145497081637252634e+01
1.145515258210619969e+01
1.145796711776124788e+01
1.146165995703785967e+01
1.146298953298317258e+01
1.146373271516494619e+01
1.146439231761043409e+01
1.146519722606362635e+01
1.146560896576925792e+01
1.146560915128932301e+01
1.146838197006467475e+01
1.147484580924253095e+01
1.147506061661387200e+01
1.147635917414432960e+01
1.148527845891208266e+01
1.149012723111692225e+01
1.149128128470205468e+01
1.149598261189504633e+01
1.149701040774047378e+01
1.149903204552294156e+01
1.150244382137324273e+01
1.150307417544414790e+01
1.150610228899628495e+01
1.150649674665396027e+01
1.151536116773619689e+01
1.151805382536543831e+01
1.151905073723565742e+01
1.152247703662805023e+01
1.152431457190762210e+01
1.152643832517895461e+01
1.152837647213097760e+01
1.152965840011816745e+01
1.153185531543534736e+01
1.153276625471613848e+01
1.153529669989243800e+01
1.153799819580311770e+01
1.154025685881021879e+01
1.154124496924258558e+01
1.154144592287682336e+01
1.154298188024364791e+01
1.154491055257615706e+01
1.155231750004826807e+01
1.155577682715902910e+01
1.155804385680788471e+01
1.156166840236980775e+01
1.156189477554348599e+01
1.156197600484787458e+01
1.156225672686945494e+01
1.156264155778596248e+01
1.156349988331725953e+01
1.156504301931290257e+01
1.156926699221077648e+01
1.156944648032774481e+01
1.157111258630075667e+01
1.157149913533979202e+01
1.157663279688844504e+01
1.158022016257745435e+01
1.158025049069058987e+01
1.158230389472262090e+01
1.158319946725110405e+01
1.158529410761199863e+01
1.158588114882490672e+01
1.158763054700684769e+01
1.158938818409850846e+01
1.158939668119030486e+01
1.159033753409260115e+01
1.159418948003357386e+01
1.159540206342116875e+01
1.159754865977827265e+01
1.160252253308036252e+01
1.160712878940493731e+01
1.160749270101809927e+01
1.160948008801702791e+01
1.161421390478025195e+01
1.161833319535828579e+01
1.161963005295769946e+01
1.161971545433852171e+01
1.162383121672144703e+01
1.162468547041582489e+01
1.162469041604001951e+01
1.162788172610368953e+01
1.162840552232375124e+01
1.162930688830451231e+01
1.163282496508455566e+01
1.163345575175076085e+01
1.164328194819511353e+01
1.164839289783138376e+01
1.165076411237622978e+01
1.165156533200893563e+01
1.165451500803442997e+01
1.165776798533542014e+01
1.165876811259712831e+01
1.166371946852079411e+01
1.166772174045616595e+01
1.166953720510811010e+01
1.167517646378048646e+01
1.167988109094823912e+01
1.168049548027483020e+01
1.168211475623554563e+01
1.168234915879288671e+01
1.168548468955277109e+01
1.168727131632266847e+01
1.169015932358645493e+01
1.169477862435124926e+01
1.170484865329218849e+01
1.171779963756307197e+01
1.171799303697448025e+01
1.172915631517525625e+01
1.173242433002589991e+01
1.173318061446754079e+01
1.173975866848281591e+01
1.174418547764067711e+01
1.174522865444997954e+01
1.175315977430092573e+01
1.175669818535444655e+01
1.175851483296887778e+01
1.175973459694849410e+01
1.176067322366306733e+01
1.176362200875612274e+01
1.177280934565975201e+01
1.177890932156565640e+01
1.177926181652244253e+01
1.177947948778760789e+01
1.177993025061395826e+01
1.178109824028612529e+01
1.178436480659723884e+01
1.178544889900309123e+01
1.178598320738816163e+01
1.179304503945417260e+01
1.179480644257970212e+01
1.179500041675545496e+01
1.179564335351174265e+01
1.179719071540031727e+01
1.179949283702463703e+01
1.180014049616491256e+01
1.180208793960891178e+01
1.180344141170368566e+01
1.180420485422064836e+01
1.180474541646926312e+01
1.180573687354544532e+01
1.180625221749386355e+01
1.180773191468552419e+01
1.181747979060092568e+01
1.182034264709863791e+01
1.182228738467759932e+01
1.182236338921961227e+01
1.182285266270185353e+01
1.182754180429161828e+01
1.182772081937148201e+01
1.182799388185994438e+01
1.183197126994076420e+01
1.183233499943351674e+01
1.183360923044312152e+01
1.183430030983980430e+01
1.183628058720841203e+01
1.183951139141758802e+01
1.184340104057548970e+01
1.184348843468737655e+01
1.184560161314888305e+01
1.184579309770247058e+01
1.184975289194292003e+01
1.184988878892210096e+01
1.185578358750498928e+01
1.186234911685966864e+01
1.186741738343243924e+01
1.186919107892746617e+01
1.187481648514073562e+01
1.187842062597341730e+01
1.187842960897438083e+01
1.188178032817940277e+01
1.188806922000364885e+01
1.188861346898700866e+01
1.188974454594321983e+01
1.189032499162398615e+01
1.189501469493255392e+01
1.189562103646037805e+01
1.189633062952626297e+01
1.189758414809070075e+01
1.189808397101007031e+01
1.190275363775226403e+01
1.190292222794884758e+01
1.190447716052705474e+01
1.190793643991305650e+01
1.190879442093997120e+01
1.191222078876824497e+01
1.192165472752252597e+01
1.192301731445993163e+01
1.192735973431777019e+01
1.192763474905684440e+01
1.192865380361777206e+01
1.192938808008943496e+01
1.192949276785535062e+01
1.193117682883042896e+01
1.193169313748107996e+01
1.193404893121002708e+01
1.193471158615872341e+01
1.194188214562289474e+01
1.194240537026671589e+01
1.194246324884464272e+01
1.194263532737999434e+01
1.194442918405083809e+01
1.194474406218292550e+01
1.194570631174321029e+01
1.194990276253060379e+01
1.195019198583947073e+01
1.196385039355048185e+01
1.196387087637660684e+01
1.196631844048882698e+01
1.196777251397719866e+01
1.196780043351765954e+01
1.197111985004983659e+01
1.197144222508255496e+01
1.197502976778649142e+01
1.198082996033370762e+01
1.198145693916483268e+01
1.198252495920870153e+01
1.198576159612654379e+01
1.198602752046694420e+01
1.199634831075283259e+01
1.200466988705955274e+01
1.200514756876427924e+01
1.200764682295188379e+01
1.200866469905687062e+01
1.200870383250751416e+01
1.200871349536037336e+01
1.200942097421777532e+01
1.201058774828661235e+01
1.201060594886872934e+01
1.201753910518574386e+01
1.202011841918463553e+01
1.202172956762880141e+01
1.202206955603370275e+01
1.202233010625941390e+01
1.202412379506017359e+01
1.202816814729999351e+01
1.203282481700681217e+01
1.203566851383904890e+01
1.204021395113134396e+01
1.204208760042626736e+01
1.204621615067243923e+01
1.205201806894518413e+01
1.205332708501097905e+01
1.206190811479431702e+01
1.206622812586426896e+01
1.206714050420992557e+01
1.206924637657966848e+01
1.207475753302747634e+01
1.208004674365349373e+01
1.208264886328272247e+01
1.208551989331262178e+01
1.208814925835426024e+01
1.209117849628768049e+01
1.209137367158974818e+01
1.209217775357046243e+01
1.209915435773565306e+01
1.210116505540823439e+01
1.210370075544552826e+01
1.210692993810235407e+01
1.210873715966615549e+01
1.210963592967107871e+01
1.211113706880788321e+01
1.211346778655737211e+01
1.211415670158998736e+01
1.211561268840669925e+01
1.211738659726173317e+01
1.211935167690810999e+01
1.212074644133340229e+01
1.212135238391003611e+01
1.212289627421834126e+01
1.212822837424626243e+01
1.213043028174120863e+01
1.213253045459062918e+01
1.213289454368814013e+01
1.213547221048445479e+01
1.213583953918077896e+01
1.213912608847156882e+01
1.213997336210491618e+01
1.214174170298455202e+01
1.214305192826198265e+01
1.214495197486448141e+01
1.214593686360582403e+01
1.214784682296467899e+01
1.216279567550401453e+01
1.217187425900758058e+01
1.217213043330248645e+01
1.217587274533340036e+01
1.218155941299591483e+01
1.218210456372659500e+01
1.218728948398572243e+01
1.218812761404121758e+01
1.219072831372509746e+01
1.219099982339301924e+01
1.219207546487004201e+01
1.219228148587439087e+01
1.219238531789010693e+01
1.219760774626973010e+01
1.220551796161070790e+01
1.221024311435966858e+01
1.221064640226029852e+01
1.221245890553003122e+01
1.221404087381166015e+01
1.221480961461118930e+01
1.221919256728063985e+01
1.221933606666453542e+01
1.221962397702118430e+01
1.221980084841417380e+01
1.222552252060361333e+01
1.223106342807492730e+01
1.223120075488002634e+01
1.223214630998202956e+01
1.223380697337667655e+01
1.223822716617974393e+01
1.223960690003788798e+01
1.224162039688860837e+01
1.224617640114850303e+01
1.224972366847953076e+01
1.225488028793761508e+01
1.225996999352244643e+01
1.226449694340936958e+01
1.226520851538361079e+01
1.226580637261322160e+01
1.226706545382114477e+01
1.227343413611970213e+01
1.227517872642846442e+01
1.227537067459606313e+01
1.228039217898360391e+01
1.228154831636949851e+01
1.228158896146734946e+01
1.228259209155477905e+01
1.228358821455597472e+01
1.228388424071986584e+01
1.228570951389557564e+01
1.228807557585428611e+01
1.228822650565402164e+01
1.228848029153620125e+01
1.228934719150165300e+01
1.229270512254679382e+01
1.229771173610588164e+01
1.229793889892264502e+01
1.229798948398548752e+01
1.229925642227927263e+01
1.230597754656636944e+01
1.230765049036944703e+01
1.230887371010280340e+01
1.230900612021780915e+01
1.231124372886427842e+01
1.231384521737549065e+01
1.231555480437498673e+01
1.231686868461589768e+01
1.232052916473905313e+01
1.232178900966610158e+01
1.232361562262178367e+01
1.232599593871127652e+01
1.232691898751751225e+01
1.233306308327498968e+01
1.233536990270783207e+01
1.233661683276089249e+01
1.233917652657057573e+01
1.234044389605004888e+01
1.234150039728216441e+01
1.234707474886053014e+01
1.234730895409827944e+01
1.234904992621616060e+01
1.235296174077521236e+01
1.235549543176227516e+01
1.235640047415792075e+01
1.235928447591519763e+01
1.236234772305024343e+01
1.236316347703978025e+01
1.236564007647518082e+01
1.236771738431808032e+01
1.236908996876032063e+01
1.237006420411178809e+01
1.238684093460101820e+01
1.238727447007375204e+01
1.239761712182951747e+01
1.239922959614107079e+01
1.240002723905261739e+01
1.240428796703978875e+01
1.240523444033561518e+01
1.240753801829725944e+01
1.241514103548154502e+01
1.242231545529487668e+01
1.242233050823232610e+01
1.242532679869038326e+01
1.242708058619169975e+01
1.242713312517172852e+01
1.244053474055681896e+01
1.244104051594627336e+01
1.244421447644731060e+01
1.244709413350311777e+01
1.245752455274972803e+01
1.245812399838482953e+01
1.246021475252126898e+01
1.246100851410873034e+01
1.246720700532089410e+01
1.247202919276593569e+01
1.247249260362882595e+01
1.247501114087298291e+01
1.247828593593823143e+01
1.247971655437770266e+01
1.248279683116631666e+01
1.248570937421022897e+01
1.248896016849862889e+01
1.248997731581890847e+01
1.249029928944279177e+01
1.249098941494181680e+01
1.249417320505159523e+01
1.249632411825284350e+01
1.250136368504305828e+01
1.250746607808203237e+01
1.250850751989478660e+01
1.251193631448017740e+01
1.251328504622865267e+01
1.251407297013159514e+01
1.251527519570270108e+01
1.251692386649263788e+01
1.252030493900139341e+01
1.252662598100855362e+01
1.252976177232668320e+01
1.253492635754696671e+01
1.253504296601824386e+01
1.254099482371286989e+01
1.254295726603587191e+01
1.254937421666002706e+01
1.255484320248762309e+01
1.255683287677312165e+01
1.255715581856826901e+01
1.255800523982287231e+01
1.255958626235807074e+01
1.256145796203207965e+01
1.256304585315744582e+01
1.256474689857373583e+01
1.256542126164277029e+01
1.257205859059566500e+01
1.257340944012241302e+01
1.257559156208237638e+01
1.257710381630232277e+01
1.258034807249779519e+01
1.258430891052072020e+01
1.258716774704636521e+01
1.259524140010053195e+01
1.259677572635228238e+01
1.259725216565341555e+01
1.260115586098474694e+01
1.260586914297632788e+01
1.261142570563330700e+01
1.261336323718114905e+01
1.261722154653408623e+01
1.261785355892702754e+01
1.262096502588305924e+01
1.262616428419775083e+01
1.262970185041749005e+01
1.263089849190781422e+01
1.263153131808629759e+01
1.263199432969548042e+01
1.263631399078299822e+01
1.264424756411212591e+01
1.264489143346627742e+01
1.264826039048030459e+01
1.265375187530552203e+01
1.265449614248879051e+01
1.265623701934921286e+01
1.265629083073276639e+01
1.266213256926456054e+01
1.266421752456813010e+01
1.266567413586983548e+01
1.266879067878548781e+01
1.267382274910863771e+01
1.267729288281192623e+01
1.267779116903451886e+01
1.268887169230707990e+01
1.269206282436756972e+01
1.269341295141187054e+01
1.269364119310716532e+01
1.270091948512942537e+01
1.270479064640480971e+01
1.270545002989992867e+01
1.271126193450639441e+01
1.271309434148334105e+01
1.271424072303969410e+01
1.272497479447197044e+01
1.272892970401186474e+01
1.273913230292681931e+01
1.274356220260625072e+01
1.274692018437684027e+01
1.275550196332725683e+01
1.275874941346280345e+01
1.276526335826250325e+01
1.277187698789351877e+01
1.277280095861454967e+01
1.277437990329936746e+01
1.277740489186861161e+01
1.277938050682165105e+01
1.278352900794828884e+01
1.278656744998406403e+01
1.278682147262641777e+01
1.278898965668817134e+01
1.279144749236826861e+01
1.279379389018680868e+01
1.280190414140301236e+01
1.280237774135462558e+01
1.280880217981796321e+01
1.281011854003195438e+01
1.281608002063685348e+01
1.283251823755856158e+01
1.284177028521589747e+01
1.284661591744973741e+01
1.284669521554769389e+01
1.285647989999290353e+01
1.286279639333941915e+01
1.286416237293613207e+01
1.286488684473679278e+01
1.286501692372717542e+01
1.286741953855450404e+01
1.287332072834064967e+01
1.287522521241459827e+01
1.288155740581797026e+01
1.288707462345330335e+01
1.288858877917546941e+01
1.289100302380662733e+01
1.289609489085060900e+01
1.289939926301061668e+01
1.290452059697070020e+01
1.290923117783859198e+01
1.291043652168859879e+01
1.291080017335800179e+01
1.291383085360651428e+01
1.291898282825865607e+01
1.292033735027506403e+01
1.292333989540029116e+01
1.292378620591156668e+01
1.292856417842283356e+01
1.292974707858208916e+01
1.293456862952529107e+01
1.293898422288471650e+01
1.294590485426243376e+01
1.294925871807722473e+01
1.295511984001912609e+01
1.298104962170662446e+01
1.298132954903907432e+01
1.298171503447386677e+01
1.298202193299918861e+01
1.299056239950805214e+01
1.299254495338211512e+01
1.299768488524403942e+01
1.300939041012432007e+01
1.300997746046020254e+01
1.301244900878604938e+01
1.302068958518674080e+01
1.302258204353735316e+01
1.302943741468846639e+01
1.303664756428445237e+01
1.304337128634250575e+01
1.304757578188152500e+01
1.305016374991711281e+01
1.305120269726221771e+01
1.305137710462577161e+01
1.305202271071457787e+01
1.306457537709335526e+01
1.307781783428050737e+01
1.307961982812639690e+01
1.307992772742248277e+01
1.309480752096079748e+01
1.309650657585618383e+01
1.310240523436786297e+01
1.310932275950695036e+01
1.311375393171873505e+01
1.312268869072640598e+01
1.312573840825329086e+01
1.312737565952029328e+01
1.312842232817451382e+01
1.312898008611092848e+01
1.312946732944152295e+01
1.313978496472699042e+01
1.314011554377765201e+01
1.314060006140918446e+01
1.314141587388741073e+01
1.314384090567781804e+01
1.314435578684902062e+01
1.314566329088787278e+01
1.314647214899091843e+01
1.314651808416277134e+01
1.314977535135628273e+01
1.315041613209610638e+01
1.315152894003263384e+01
1.315385968718596921e+01
1.315609528386297100e+01
1.315646968124328886e+01
1.315876852130850239e+01
1.316193201488879616e+01
1.316480100827012656e+01
1.316749047067791700e+01
1.317174440730213014e+01
1.318129616211769317e+01
1.319024856168872084e+01
1.320110268216676275e+01
1.320626201827522372e+01
1.320693767235598060e+01
1.320706268408753559e+01
1.321289493595586428e+01
1.321552857509194823e+01
1.322031479101826790e+01
1.322095386195314859e+01
1.323187987151131573e+01
1.323258506783138877e+01
1.323328105930442078e+01
1.323809909834658782e+01
1.324454817112452609e+01
1.324755959264315841e+01
1.324809938299512879e+01
1.325096157693653254e+01
1.325504095257337056e+01
1.326144743690169037e+01
1.326630385264418877e+01
1.326979213733210550e+01
1.327212462700019557e+01
1.327534452118594643e+01
1.328148164946154886e+01
1.328225890775802753e+01
1.328687147604408025e+01
1.328834034582870771e+01
1.328932282912511909e+01
1.329451618550556979e+01
1.329478401908273710e+01
1.329740398936657542e+01
1.330595314577979593e+01
1.330834244686302270e+01
1.331557504753948606e+01
1.331801107125697570e+01
1.331806572501981378e+01
1.332085212655318962e+01
1.332100259987358015e+01
1.332885132010796703e+01
1.332900435576173237e+01
1.334290994574930167e+01
1.334684090176367732e+01
1.335411126805241544e+01
1.335877867275217135e+01
1.335922626566259908e+01
1.336600528378423292e+01
1.337992506003824822e+01
1.338213775525751714e+01
1.338534453697133131e+01
1.338800297434013764e+01
1.339538434465029582e+01
1.339789561971894649e+01
1.340683815594956130e+01
1.341822158353965833e+01
1.342398506792020640e+01
1.343485358626652726e+01
1.343729581297722220e+01
1.344422950446250908e+01
1.344644256253547887e+01
1.344645086884554175e+01
1.344782760977764191e+01
1.344972042002334334e+01
1.345593573702120516e+01
1.346017055675535445e+01
1.346117650112410047e+01
1.346662796304362253e+01
1.347072043455004220e+01
1.347434647575500577e+01
1.348054012304379867e+01
1.348609890465297667e+01
1.348826575841094844e+01
1.349446561321981619e+01
1.349667783806463461e+01
1.351497677168019251e+01
1.351638246932622067e+01
1.352270093576944099e+01
1.352370336246029225e+01
1.353022339271781682e+01
1.353072517068893887e+01
1.353246963378613366e+01
1.354140829567485582e+01
1.354198271641234363e+01
1.354605741177047840e+01
1.354700948817727912e+01
1.356293000149437056e+01
1.356774707722468953e+01
1.357097179168275325e+01
1.357635249725045057e+01
1.358404873368427168e+01
1.360083899691714215e+01
1.360249560691076454e+01
1.360493618334992050e+01
1.361237216292965968e+01
1.361739104459443261e+01
1.361925312122384568e+01
1.363703657479381270e+01
1.364071415198470660e+01
1.365136539098947210e+01
1.365440408974766484e+01
1.365808605115532259e+01
1.366181716267101365e+01
1.366737783644510706e+01
1.367817876925490062e+01
1.368752491633965107e+01
1.368850183501806583e+01
1.369227058670796460e+01
1.369928757741267233e+01
1.370006152938983490e+01
1.370246111322232352e+01
1.370404922579016649e+01
1.370542401835644952e+01
1.371024875296265755e+01
1.371854071284314891e+01
1.372528025791520889e+01
1.373579905736604090e+01
1.373742283235919537e+01
1.375617193175593655e+01
1.375940073715056577e+01
1.376248189294043556e+01
1.378017336509373791e+01
1.379263779398755752e+01
1.379738200763683764e+01
1.384749655547798852e+01
1.385446559728939420e+01
1.386435102645010353e+01
1.387051847523163595e+01
1.387883148448962167e+01
1.387994216934289682e+01
1.388663564182706978e+01
1.390132362632374097e+01
1.390856714538423944e+01
1.392094649386084448e+01
1.392385771353336565e+01
1.392965828411432483e+01
1.393006588621200947e+01
1.394585337006135539e+01
1.395746600298048001e+01
1.395772287034823833e+01
1.395892542485809251e+01
1.396103206439646272e+01
1.396850067247960325e+01
1.397892993293305963e+01
1.398180467539244098e+01
1.398281886055759848e+01
1.398357051670954831e+01
1.398526088416909374e+01
1.399747407282803913e+01
1.399747677550753977e+01
1.399902580739110114e+01
1.400089673379028632e+01
1.401052364984044374e+01
1.401352583936284724e+01
1.401462281851306990e+01
1.402226425634378515e+01
1.402762685299327217e+01
1.403693721375081793e+01
1.404892086349502200e+01
1.406868571538505108e+01
1.407013658743745310e+01
1.407156218130673153e+01
1.407328051575659877e+01
1.407522988519301066e+01
1.408104377067958168e+01
1.408277496497051473e+01
1.408523825846022426e+01
1.410504944765807700e+01
1.410507318747247574e+01
1.410627200717270924e+01
1.411862141393450365e+01
1.413594446493651446e+01
1.413653349246576418e+01
1.413658746978510550e+01
1.414126592783080127e+01
1.414242689669085529e+01
1.414906670248518950e+01
1.415149921877629779e+01
1.416618888514162755e+01
1.416825396326411735e+01
1.418442518698467047e+01
1.418699754841595784e+01
1.419973790102524269e+01
1.423260228840939945e+01
1.426057443785258272e+01
1.426589605055148624e+01
1.428075034278896638e+01
1.428211604966264758e+01
1.428744116817462739e+01
1.429873129198676729e+01
1.430145653106219150e+01
1.430773455248336745e+01
1.431018800607974661e+01
1.432899872177715395e+01
1.433277994302072500e+01
1.433737997633588712e+01
1.434801950204535714e+01
1.436355059737208606e+01
1.438710038826863880e+01
1.439292146141829321e+01
1.439760321115209862e+01
1.440450101921764237e+01
1.441340388308399767e+01
1.442011224390138224e+01
1.443214186853215786e+01
1.443808401501370930e+01
1.443919986473540895e+01
1.444644149249805309e+01
1.444952859651162669e+01
1.445497707740814164e+01
1.446937963654881543e+01
1.447943058144825912e+01
1.450200362801646925e+01
1.450296603209702972e+01
1.451370202455230185e+01
1.452329635918543005e+01
1.453063285205583099e+01
1.454381379879491121e+01
1.455933103370897719e+01
1.455972369567163227e+01
1.456134652398633555e+01
1.456686695918563856e+01
1.457012926894973148e+01
1.457258800418575717e+01
1.458671958810018232e+01
1.459480367327738648e+01
1.460801000824492490e+01
1.461022577323192273e+01
1.461809161208987717e+01
1.462259705601579896e+01
1.463024640250767483e+01
1.463345373865355903e+01
1.463707317874893299e+01
1.466043392687683422e+01
1.466885998067583685e+01
1.468021290632406739e+01
1.469056396324572233e+01
1.470423596266734911e+01
1.474100433514193753e+01
1.476059324385917471e+01
1.476898860580429940e+01
1.476938530596975596e+01
1.478676781780293226e+01
1.481354770987649339e+01
1.481970008966429475e+01
1.483378989686885419e+01
1.483508629228049180e+01
1.484004884077240582e+01
1.484265781119119332e+01
1.485596442100819381e+01
1.488426442002875660e+01
1.490103832718560462e+01
1.490138851435925460e+01
1.490247376747745456e+01
1.490747565318867274e+01
1.491740986936157398e+01
1.492883367748036250e+01
1.493690125477723285e+01
1.495131183669816366e+01
1.495403035414722837e+01
1.497796638147463710e+01
1.498176730505648457e+01
1.499500647501000472e+01
1.500822954607772708e+01
1.503099993903459186e+01
1.503940644997991605e+01
1.509715980307309913e+01
1.513066708679741801e+01
1.514968451809196637e+01
1.515375555730943624e+01
1.516388684959316535e+01
1.517978920566142875e+01
1.518644690874969250e+01
1.519469869184809596e+01
1.520511339241696369e+01
1.522934754754726505e+01
1.525332116409908245e+01
1.525793209876021628e+01
1.526856030306920253e+01
1.528106827084113739e+01
1.528968612655613946e+01
1.529182187383049474e+01
1.532182679892250121e+01
1.532888016069053805e+01
1.532988694008694175e+01
1.533040647910639187e+01
1.536698490767776626e+01
1.538421934891005094e+01
1.538459671786591088e+01
1.542151945027052662e+01
1.543109879232689607e+01
1.549277449306560150e+01
1.557705861281387172e+01
1.560281851014804566e+01
1.562677597964150245e+01
1.563061930201766181e+01
1.565274473154089563e+01
1.568315119364168631e+01
1.569807898585034422e+01
1.571127167131247049e+01
1.576952368810477800e+01
1.578194511964739988e+01
1.579065693360731792e+01
1.581331986623022345e+01
1.583797525847037235e+01
1.586669473420944243e+01
1.588172978778163902e+01
1.589115535285343839e+01
1.590313863716664500e+01
1.592262603464914505e+01
1.595971422127742301e+01
1.598006419894778496e+01
1.606633036794194425e+01
1.611768368839243237e+01
1.614442047990324269e+01
1.636487251738962456e+01
1.638173413053239358e+01
1.638494598915177036e+01
1.645568287302242894e+01
1.648583594653025486e+01
1.650485271926595487e+01
1.669359870630684028e+01
1.693262728515764337e+01
1.697094003825793607e+01
1.703622388451301006e+01
1.709068507725382702e+01
1.753276946002124248e+01
1.757658919795888863e+01
