4.861801290287109945e-02
8.487574346635974598e-02
1.161913978570562195e-01
1.171113845141402293e-01
1.184396618773960602e-01
1.265247859030319555e-01
1.378319522809150488e-01
1.438664268786677691e-01
1.494995207253181357e-01
1.548665588593203801e-01
1.550335468739142963e-01
1.652578815712580085e-01
1.755585462515179274e-01
1.758814064090483686e-01
1.779927628558380936e-01
1.818541461691152716e-01
1.836152889130459875e-01
1.844097248865225469e-01
1.848735768303647886e-01
1.866493451925190505e-01
1.904664706183334388e-01
1.955876616229143272e-01
1.963135189768311917e-01
2.012153327773800182e-01
2.024085688719813869e-01
2.026742392876058063e-01
2.028343378125158636e-01
2.032546260384886228e-01
2.038084376985289936e-01
2.077121412821937296e-01
2.084929763240173650e-01
2.087100453327475902e-01
2.091201062164083913e-01
2.100597071340697120e-01
2.115735876107096847e-01
2.141522723350177126e-01
2.204125873419170989e-01
2.217719305408418218e-01
2.218830254014574344e-01
2.231607607250593039e-01
2.288405603819373413e-01
2.292676527534934783e-01
2.308919057222755811e-01
2.339109613885766437e-01
2.365514645149750794e-01
2.372785175100562693e-01
2.377053363486009985e-01
2.392807132782456270e-01
2.416024204856583313e-01
2.484895057188476197e-01
2.489624011779964785e-01
2.503549230726020980e-01
2.515861850178908177e-01
2.519276446302985417e-01
2.527067849908658514e-01
2.530335796681415506e-01
2.532380274349872451e-01
2.532504200350630397e-01
2.539494660029104067e-01
2.560862203320017905e-01
2.560989339882762672e-01
2.563548994241477419e-01
2.585940371230726620e-01
2.603817609343183626e-01
2.607460691983849999e-01
2.628078004084685726e-01
2.641141027291357690e-01
2.641514124464389157e-01
2.657903601677636951e-01
2.673090766559177989e-01
2.676773387548910810e-01
2.681755014497758105e-01
2.690396907018324235e-01
2.690860683598995107e-01
2.708990203399138652e-01
2.735753614770423670e-01
2.737626553365185011e-01
2.741511752308798955e-01
2.785838259274494577e-01
2.792351638785760537e-01
2.802784561383887540e-01
2.815989368744161725e-01
2.822837059725465947e-01
2.824050669076715314e-01
2.838475807584888155e-01
2.888997989157269242e-01
2.890753660740055797e-01
2.898789761673370990e-01
2.900275566868205646e-01
2.905851418018787768e-01
2.911231595128295213e-01
2.912964955331479588e-01
2.920850525911499740e-01
2.933601797065076289e-01
2.935599711300110881e-01
2.941042423346972301e-01
2.945047862343518896e-01
2.956970278533763707e-01
2.961635074081365726e-01
2.967273376000658658e-01
2.971839721365355791e-01
2.976090561785958433e-01
2.985722559316595914e-01
2.988185542363831493e-01
3.001037268028713956e-01
3.008495403478738117e-01
3.016641584009466803e-01
3.031666966268376506e-01
3.051421519703202967e-01
3.056973766735157638e-01
3.059424821998164012e-01
3.063043263008949357e-01
3.084290195771891008e-01
3.119263418793210563e-01
3.119436859233899462e-01
3.120658110398268348e-01
3.121773694240775887e-01
3.127292085556714896e-01
3.132130733444790094e-01
3.139303632506667552e-01
3.141287858754115425e-01
3.161563470401064224e-01
3.174727997407116309e-01
3.189213731100669635e-01
3.190391776977410387e-01
3.205128233844667940e-01
3.216311670115475918e-01
3.220912129446818484e-01
3.229085855016212148e-01
3.230642654565810679e-01
3.237516983066300313e-01
3.243272226997077623e-01
3.271993155687782928e-01
3.274445546281347652e-01
3.280991169876842917e-01
3.285605702738433886e-01
3.297473325975835978e-01
3.305488391673079285e-01
3.318293039131849920e-01
3.322016168172969297e-01
3.330416853155174217e-01
3.333503018262287676e-01
3.334755647029545300e-01
3.347357428188793005e-01
3.355813890275414213e-01
3.358532242262652345e-01
3.365543278036445263e-01
3.367249447460017309e-01
3.378376748350680470e-01
3.379404853687880128e-01
3.390080988662186878e-01
3.390871328469255430e-01
3.393971047522753026e-01
3.395049638778570578e-01
3.410305946516601350e-01
3.412493045126311353e-01
3.421358002651013197e-01
3.423565845752654657e-01
3.426248795994098484e-01
3.454231585580277430e-01
3.462865185469129470e-01
3.469583208092426596e-01
3.469618755631402873e-01
3.498824219399605528e-01
3.502964589619397828e-01
3.503212948100230539e-01
3.512268070337768444e-01
3.521904270086388955e-01
3.534774244490009876e-01
3.558826200989479993e-01
3.564288111836659279e-01
3.566035983278831312e-01
3.579607205645761181e-01
3.584721042762784582e-01
3.590678961780065515e-01
3.613261384128522713e-01
3.614540910554236985e-01
3.619810822404064266e-01
3.628656833382998270e-01
3.632336167030300600e-01
3.633631259459398910e-01
3.633934739000516112e-01
3.640682257381784859e-01
3.640782688215263296e-01
3.642481231901767980e-01
3.658990250946338452e-01
3.665200868393120870e-01
3.683868237960005732e-01
3.685622668335702401e-01
3.688766456486882173e-01
3.689035195789457378e-01
3.704476541011971769e-01
3.709134120523107647e-01
3.710759534114899671e-01
3.723337170599225754e-01
3.725160504214897750e-01
3.729963192058592947e-01
3.732435438075685230e-01
3.738700358094824150e-01
3.740937737237775007e-01
3.742729719185940995e-01
3.757929695538523851e-01
3.758877779777758388e-01
3.759464153897310035e-01
3.765346358898595258e-01
3.770498459748159448e-01
3.772174753790829005e-01
3.786733528394736759e-01
3.802178541459126926e-01
3.806921429147237523e-01
3.818974547244470275e-01
3.822276373179670506e-01
3.823340031046056353e-01
3.824274912798131809e-01
3.832221309722007030e-01
3.872304000161014836e-01
3.874831089047732768e-01
3.875588153147129233e-01
3.881329902601466375e-01
3.886326675783117190e-01
3.889650571178963068e-01
3.906384083638473337e-01
3.906563505839745765e-01
3.906872032903456193e-01
3.907771975769018247e-01
3.911981161881192270e-01
3.912311991520587284e-01
3.918749480527178308e-01
3.921387926338162355e-01
3.930491597714886876e-01
3.931110041398308552e-01
3.933734096710531647e-01
3.933895559501136563e-01
3.935020290523044695e-01
3.942720393564074222e-01
3.949125445001753776e-01
3.965191654524760079e-01
3.991647331744870852e-01
3.993248385652121701e-01
3.999711546834704423e-01
4.006158788259320258e-01
4.006288972898165990e-01
4.019137430167674108e-01
4.019440225720157245e-01
4.027671124659196744e-01
4.031272680118300755e-01
4.035285358227326813e-01
4.045561088666016492e-01
4.055474708628431513e-01
4.056961420343640490e-01
4.057219967424174345e-01
4.063143953144045528e-01
4.072413186627871218e-01
4.078334233369127482e-01
4.084219393600635462e-01
4.091765724571069240e-01
4.093171175567796860e-01
4.094365798948960133e-01
4.094510499527691527e-01
4.108668350278191772e-01
4.115466716748110154e-01
4.122426499172360259e-01
4.124835187849616447e-01
4.147710600009448800e-01
4.152496574743360647e-01
4.157274896183908441e-01
4.158460981729849015e-01
4.160637840136511834e-01
4.161278181936047260e-01
4.165620721229588708e-01
4.170787983231726281e-01
4.171918670029665099e-01
4.176386164644399490e-01
4.182716974693664880e-01
4.186671776646747056e-01
4.193586515032259321e-01
4.198392709957237678e-01
4.203268782680467663e-01
4.203818411402295285e-01
4.208582061098163352e-01
4.210338540775038774e-01
4.220623334057487241e-01
4.225357369863901869e-01
4.229114617827348654e-01
4.229774148632972630e-01
4.238458799832474089e-01
4.239598889810302640e-01
4.241966337803504961e-01
4.254508112007183152e-01
4.266024953659906527e-01
4.276013262047283492e-01
4.286249828670029571e-01
4.286971594165358557e-01
4.290053647224961741e-01
4.294348906700704016e-01
4.297383745175887282e-01
4.298164370370322618e-01
4.305378297634958051e-01
4.308198751542541838e-01
4.310792174676648658e-01
4.311672827336024416e-01
4.315201358454216485e-01
4.317153924443070667e-01
4.319451275057293316e-01
4.321994361787737660e-01
4.329140939945353983e-01
4.330972143921425488e-01
4.333441711737941460e-01
4.338622927525839224e-01
4.361176312807655830e-01
4.365627878914539184e-01
4.367939703638614168e-01
4.370679950342671871e-01
4.383388679063709437e-01
4.386236877564294590e-01
4.399044339665516001e-01
4.406457784087390306e-01
4.410843067355765812e-01
4.411233375943494628e-01
4.414927088607473737e-01
4.418403499376570287e-01
4.427080070872548845e-01
4.435106719795396946e-01
4.442394379677041538e-01
4.451992721416926924e-01
4.452324524839117448e-01
4.454509953476363249e-01
4.458298007900790005e-01
4.460630083319021000e-01
4.463111522953084331e-01
4.466503730844409992e-01
4.475156788640523575e-01
4.480780177225783811e-01
4.487144147680898754e-01
4.491617921761367760e-01
4.517556004940523895e-01
4.518542138004196795e-01
4.522126791559597514e-01
4.530380374399468613e-01
4.531845984835345398e-01
4.534154359153932390e-01
4.537504747770926272e-01
4.543974101370530927e-01
4.544876109769794281e-01
4.548106127796475162e-01
4.548413643947821217e-01
4.554142905380065831e-01
4.554578046656698187e-01
4.557826060363957543e-01
4.565089063464223273e-01
4.566595966617290614e-01
4.569139776726652835e-01
4.595602299258582657e-01
4.610715750632142784e-01
4.624483743323161145e-01
4.624843973293999433e-01
4.626842366696596320e-01
4.630152030186230894e-01
4.632951030305192952e-01
4.637296701147872180e-01
4.650541412955560006e-01
4.651653215878715497e-01
4.657287902976557925e-01
4.667561600397693855e-01
4.667719786581317476e-01
4.678501702014908892e-01
4.701725132763523440e-01
4.706878130524462800e-01
4.711258010433421739e-01
4.711289327408147432e-01
4.711734260280786568e-01
4.713939808110566565e-01
4.722423747216344392e-01
4.724270166922201475e-01
4.747402924221781340e-01
4.753941572285910189e-01
4.754326277725249850e-01
4.756664451921273629e-01
4.775119246485567959e-01
4.778847450981865141e-01
4.804448555131305976e-01
4.810259255000688960e-01
4.817556370931331267e-01
4.817879326750456603e-01
4.818337680200504569e-01
4.843582553904782206e-01
4.846633154682262745e-01
4.851822880158001006e-01
4.874586757488816313e-01
4.874814198199146631e-01
4.881320608189599897e-01
4.883991923940761981e-01
4.887628180005577083e-01
4.890829052763739360e-01
4.904200012350800608e-01
4.904903803215057145e-01
4.921689679390243710e-01
4.925990660895162021e-01
4.937716183015714022e-01
4.939227411731089146e-01
4.950407628438336927e-01
4.950434300485025974e-01
4.959367382408015335e-01
4.963898733478122605e-01
4.976877308258637611e-01
4.989838903380273694e-01
4.992628074253751547e-01
4.994058042982585932e-01
4.995317195139458710e-01
4.996536772484607702e-01
4.996751280974882081e-01
4.999220504542008503e-01
5.008175684054437804e-01
5.009232528415745733e-01
5.010673026331897706e-01
5.013024343304760544e-01
5.015627440739408582e-01
5.020031247674443531e-01
5.022028688976906130e-01
5.022617025109770150e-01
5.029544350906107741e-01
5.033291884470505462e-01
5.039380893047489263e-01
5.039627462760912779e-01
5.043955776769063482e-01
5.048736620932376962e-01
5.055671816989485423e-01
5.057006883587635837e-01
5.065879182715933293e-01
5.066578805427209842e-01
5.074558871822849593e-01
5.078089128702010235e-01
5.079149774665369099e-01
5.083228674096053057e-01
5.095333177197057806e-01
5.102991906712434078e-01
5.117765282682610328e-01
5.118584584494973999e-01
5.127020324826674358e-01
5.128192970801951356e-01
5.129127127159520683e-01
5.129659688256300587e-01
5.134522246192366746e-01
5.135867196491342712e-01
5.159476711869217525e-01
5.160489704952126999e-01
5.163639814597471567e-01
5.164904156121636891e-01
5.165413244316024999e-01
5.166075390623370289e-01
5.173757689298218443e-01
5.191277604289302738e-01
5.193271437869687590e-01
5.193402532568909269e-01
5.196119086749952931e-01
5.196301494418041900e-01
5.207829074111623990e-01
5.213075882205363554e-01
5.220676247264616210e-01
5.224391991905733557e-01
5.235284736225835900e-01
5.242618212272959211e-01
5.243858763138717904e-01
5.245412289271257356e-01
5.255105327992313224e-01
5.257781183849873363e-01
5.258641376404680212e-01
5.260756605005602049e-01
5.274091197552808197e-01
5.274178333965826582e-01
5.284277507276596841e-01
5.287476977720390048e-01
5.302283378852808982e-01
5.304193576105377117e-01
5.305150047930481394e-01
5.309460191022368214e-01
5.312336936033512647e-01
5.312407288150438056e-01
5.313003021340181320e-01
5.313473322683788247e-01
5.314264122283849368e-01
5.320001012490852554e-01
5.322804663007398851e-01
5.324892364729052474e-01
5.326515973989649488e-01
5.327558564145385978e-01
5.328428728707970130e-01
5.328702299526736352e-01
5.333232522168336320e-01
5.335421903058358284e-01
5.338884645297772291e-01
5.339683593760768954e-01
5.339764324253615246e-01
5.340897554882245712e-01
5.346140659440035137e-01
5.347101312444558774e-01
5.348894288578681655e-01
5.355519293302024586e-01
5.362542194520150129e-01
5.370848196713171596e-01
5.373967367770694503e-01
5.374215757808510352e-01
5.378379700836762867e-01
5.385110190897319793e-01
5.385494819753768869e-01
5.388041860342841494e-01
5.392367976394667473e-01
5.392378628597368495e-01
5.398928222890670980e-01
5.398969820716793544e-01
5.405298714037473085e-01
5.409865009789969204e-01
5.421879372509483819e-01
5.428914430425137994e-01
5.430753682515678804e-01
5.433910377021449190e-01
5.436281449340721883e-01
5.440676909397169636e-01
5.440721296277134522e-01
5.442854123500866503e-01
5.446155803098179371e-01
5.447017760117685015e-01
5.448343740966377080e-01
5.451762577302702306e-01
5.452386894059289002e-01
5.453044429198992127e-01
5.457467876468757861e-01
5.462307553438392471e-01
5.474232309265093521e-01
5.475246241905439293e-01
5.484319979102424414e-01
5.499783610385754473e-01
5.501659469621938969e-01
5.502922775974613545e-01
5.506066894429588743e-01
5.524388720761314042e-01
5.526150893957494370e-01
5.527256141781028420e-01
5.527939907607392067e-01
5.542014267558809104e-01
5.546877802045052652e-01
5.552174085052489216e-01
5.566456990534977001e-01
5.567270106440829203e-01
5.571065102984510409e-01
5.573179433912397451e-01
5.578722276371128608e-01
5.580840108038802594e-01
5.586146072674158525e-01
5.587530883062244991e-01
5.589165029663450968e-01
5.592517397471978846e-01
5.594210451464370903e-01
5.595482661600563734e-01
5.596618056973013955e-01
5.597609943080077421e-01
5.601094947060686335e-01
5.608017669519073101e-01
5.609751807591285555e-01
5.615962907220831690e-01
5.616954593936838158e-01
5.618495777101658595e-01
5.620582710336075039e-01
5.627890265745332243e-01
5.632147365164336117e-01
5.632263247229836178e-01
5.633106159558647352e-01
5.645131752027995331e-01
5.645701698595633200e-01
5.646117320632347836e-01
5.647181150539009042e-01
5.664521723870192815e-01
5.669979183721182148e-01
5.670110776088540527e-01
5.672690564270397307e-01
5.680137231571591450e-01
5.682695292044268598e-01
5.686417157691957547e-01
5.689635418014561408e-01
5.712805786988721657e-01
5.728944910087578890e-01
5.729198271218384209e-01
5.735311995576750643e-01
5.736698818603012118e-01
5.739201784956095009e-01
5.745859502375998407e-01
5.753952316970059044e-01
5.755499395227929860e-01
5.759743741437035602e-01
5.766165132294914786e-01
5.769280800275105037e-01
5.774707045702380803e-01
5.782391990027256901e-01
5.784394815107262167e-01
5.801675858861079504e-01
5.803103318013737022e-01
5.806836947704162588e-01
5.813105896370700520e-01
5.813382418983734645e-01
5.820964470212028896e-01
5.843042750362156257e-01
5.850947487022915006e-01
5.853924958106717646e-01
5.858477895348440656e-01
5.865718818871650253e-01
5.872201260212508434e-01
5.872961089460853046e-01
5.875876912170000521e-01
5.876946667024486315e-01
5.877348945722956630e-01
5.885944407640533171e-01
5.888068644550619180e-01
5.896774758827418861e-01
5.898733050201759864e-01
5.917899570330474868e-01
5.918746432070992602e-01
5.920433240151801169e-01
5.925237595095754761e-01
5.930567181981059033e-01
5.931039531931168174e-01
5.932994862030916972e-01
5.939088195614722343e-01
5.946163973353970622e-01
5.947662354744662760e-01
5.947856341511648104e-01
5.953625329596626825e-01
5.957031789068614192e-01
5.957042837856850737e-01
5.957327532092302480e-01
5.959201084146223959e-01
5.962761110878485038e-01
5.973920495432548661e-01
5.978650046588623868e-01
5.981430056363101766e-01
5.983133439262129372e-01
5.986414900113685711e-01
5.986614701284501683e-01
5.987825806197724088e-01
5.994108919005839420e-01
5.998073744645927574e-01
6.023414867564829134e-01
6.023625325613360948e-01
6.029231578055637142e-01
6.029643845365213473e-01
6.030238147993489672e-01
6.031697274159566469e-01
6.033097413815331489e-01
6.034460764496515361e-01
6.036055782829772287e-01
6.036111195242791494e-01
6.042802126035948795e-01
6.042936271582619590e-01
6.043818580654057859e-01
6.045247481072593132e-01
6.046730583188288932e-01
6.047436106027385128e-01
6.056681626645933347e-01
6.058066531943687716e-01
6.066051427575741561e-01
6.067007844123313287e-01
6.072099494714631174e-01
6.072931654513193944e-01
6.086560500943489771e-01
6.089128547179009088e-01
6.095053904206518824e-01
6.100560851065157664e-01
6.106043218787298166e-01
6.109120662079723374e-01
6.112480990330634301e-01
6.112522685629313557e-01
6.118941482822439770e-01
6.125747610918979014e-01
6.128281268357281819e-01
6.130500600551201940e-01
6.133414061612052492e-01
6.133985826280015097e-01
6.135797858778694325e-01
6.136851405095724576e-01
6.142633906632687379e-01
6.149147743270135802e-01
6.155377956647162252e-01
6.164874452112102388e-01
6.166133235569050131e-01
6.166659657430955122e-01
6.173217045713373929e-01
6.176205590718043537e-01
6.176373224631502845e-01
6.177490814210458980e-01
6.186228370290577372e-01
6.186743022839992223e-01
6.189490614937326329e-01
6.194130265733625018e-01
6.197293239853216562e-01
6.199807594344302064e-01
6.201098904640987008e-01
6.203068140316123635e-01
6.203416516037946193e-01
6.208508846352356336e-01
6.225124080632081780e-01
6.225985571044397870e-01
6.229538859661339911e-01
6.251143618763704835e-01
6.252529138039566448e-01
6.254459298053406391e-01
6.274957307077981827e-01
6.281937819700711412e-01
6.287593109718196960e-01
6.287972358254252381e-01
6.296261846871664680e-01
6.296434604231396781e-01
6.302296361729700092e-01
6.304681040523228974e-01
6.312996245135972240e-01
6.316252964330435482e-01
6.331396821455539392e-01
6.332448826791075014e-01
6.333530027118419170e-01
6.340901280832919040e-01
6.341116474094746769e-01
6.342182852147114636e-01
6.348125297121364197e-01
6.348519823660621064e-01
6.355815866231827593e-01
6.361104300572010262e-01
6.363566011760227736e-01
6.366681996469786275e-01
6.367486673918499873e-01
6.372139361031654570e-01
6.374516978916187071e-01
6.375261937688042613e-01
6.376782617072165316e-01
6.377617275592649682e-01
6.377641006713198335e-01
6.381902515473468762e-01
6.383071815140037852e-01
6.386037969310885964e-01
6.398706858478212522e-01
6.404251813256438552e-01
6.404271634400645619e-01
6.409483133379634268e-01
6.409814938720128641e-01
6.412311521339675302e-01
6.420834084173306922e-01
6.421098268623497418e-01
6.422732742025439867e-01
6.424793631266013660e-01
6.430509304036401419e-01
6.436116265455773533e-01
6.437899257674470910e-01
6.441705351718256534e-01
6.442463864084032599e-01
6.451748360536727622e-01
6.457893891798230923e-01
6.459023316663710101e-01
6.463726383560689515e-01
6.464083944212335453e-01
6.464137695383402882e-01
6.470358421352452316e-01
6.478819544048658452e-01
6.479843671870524346e-01
6.480882660154291264e-01
6.483121341282631622e-01
6.484389241734185294e-01
6.486191230298974375e-01
6.499570997305573750e-01
6.506201930576493986e-01
6.506838574344222526e-01
6.506949101328798335e-01
6.507590413104764604e-01
6.509033211737301761e-01
6.510057598557612568e-01
6.515126461828213422e-01
6.515935239193209050e-01
6.517204995538011802e-01
6.521749057989394416e-01
6.524560156493572904e-01
6.527389452454307461e-01
6.530311999353968222e-01
6.531056083187360972e-01
6.535167339110427021e-01
6.538561420972355265e-01
6.543553300052462607e-01
6.548871550858736956e-01
6.551393820729938255e-01
6.553729838028996557e-01
6.555266463192201964e-01
6.558147553839065447e-01
6.560127294068797132e-01
6.562121781446198510e-01
6.563107048466300109e-01
6.574810343975405758e-01
6.575018116020310277e-01
6.576524967011873057e-01
6.579137738309933647e-01
6.586139759300230212e-01
6.586793424073247305e-01
6.587279824863858657e-01
6.591007196195581841e-01
6.593369059325540071e-01
6.593700996130307246e-01
6.594250343491915300e-01
6.595416960029129028e-01
6.597793298169819520e-01
6.597940745607326907e-01
6.598541314377481815e-01
6.602519446361936328e-01
6.609185282274100404e-01
6.609912319495474531e-01
6.613888720160282508e-01
6.615682815918362270e-01
6.617364042096610666e-01
6.619586665238641476e-01
6.623012123250573424e-01
6.624219626260969829e-01
6.627632232069105012e-01
6.631599119188981151e-01
6.633644732582386627e-01
6.636296466040008113e-01
6.640484727093652895e-01
6.642416207894562552e-01
6.642553656974219400e-01
6.646499703510867496e-01
6.649261513636974819e-01
6.652140418768436314e-01
6.652304558174613192e-01
6.655361769166064922e-01
6.658971023877208184e-01
6.662170342329321038e-01
6.663508569265601533e-01
6.664814902950383368e-01
6.676433973943377564e-01
6.680517061873477713e-01
6.680917959186560839e-01
6.681727428776544908e-01
6.681810750293949441e-01
6.682491207408958189e-01
6.685385801909095038e-01
6.687225102562042167e-01
6.688298008338682266e-01
6.692192853605921643e-01
6.701107354520047243e-01
6.702288401871602241e-01
6.704224540743183303e-01
6.708543495851907457e-01
6.709479140728454860e-01
6.711921762085272247e-01
6.714090224476153557e-01
6.717857938595835909e-01
6.724611345495483672e-01
6.733206932463414729e-01
6.738065330405023090e-01
6.739483938637472749e-01
6.739725546077476315e-01
6.748284872878069773e-01
6.759165904222093069e-01
6.766787254822825837e-01
6.767917329764953083e-01
6.773125219811537701e-01
6.776652886940919274e-01
6.779654655780678052e-01
6.780453387552659583e-01
6.780849670080513203e-01
6.787147398144837140e-01
6.789296241822656564e-01
6.798109847192481681e-01
6.798297075092750719e-01
6.800785335534592635e-01
6.816628475903778739e-01
6.819601542269935202e-01
6.820684095738602792e-01
6.821284434756802462e-01
6.825297252334749931e-01
6.826990226830965680e-01
6.827360365819306054e-01
6.839037776875680485e-01
6.840824739394091303e-01
6.841310682774602858e-01
6.841845879482618686e-01
6.843460012975931539e-01
6.843463285507656035e-01
6.850234918263385930e-01
6.854288627222189234e-01
6.861769412062221907e-01
6.863745787121316999e-01
6.866852181174840641e-01
6.874834606496195155e-01
6.886194239011304008e-01
6.891727800415688998e-01
6.892055136079835442e-01
6.900457236561772234e-01
6.903799937696860622e-01
6.905482310262273105e-01
6.905619993581280092e-01
6.905744565782785394e-01
6.908214273594387445e-01
6.912775851908041780e-01
6.913000741342005817e-01
6.914672351013652074e-01
6.923938513386226346e-01
6.924432434878029508e-01
6.924564801901718081e-01
6.924693151898375643e-01
6.933401628846472819e-01
6.936691731765263214e-01
6.938380255437841537e-01
6.938446658075447804e-01
6.941639189234457552e-01
6.945614386148708519e-01
6.967459998787096653e-01
6.967868897119910976e-01
6.971998651294898375e-01
6.972941604008559002e-01
6.972953586628526379e-01
6.974379443273278634e-01
6.976889371355824432e-01
6.977513863832234264e-01
6.979489677686907534e-01
6.988693207364194970e-01
6.988867137550938136e-01
6.989103748748971556e-01
6.998549534575942976e-01
7.005635410601106505e-01
7.008896146594365550e-01
7.010036751409991496e-01
7.011013396265870501e-01
7.011690861935848673e-01
7.015504330084264550e-01
7.015823573085478992e-01
7.019015730384244867e-01
7.019421650893362674e-01
7.021725719569076318e-01
7.028748097742574252e-01
7.029047673826762654e-01
7.032411848638757679e-01
7.034111389901451794e-01
7.034779272570118591e-01
7.037136125775274031e-01
7.041781903120721831e-01
7.048647864486585757e-01
7.056631189629758438e-01
7.058200571394860345e-01
7.066119383524636088e-01
7.074023187635400944e-01
7.076115456872508203e-01
7.077912889564842436e-01
7.078457524749011132e-01
7.079067369102429730e-01
7.079679264334682864e-01
7.079744183886449438e-01
7.081138786319260969e-01
7.087094546729076905e-01
7.091331787380139584e-01
7.092491230528482626e-01
7.094298149875765125e-01
7.096738292672176707e-01
7.099121412795992292e-01
7.102795357086080230e-01
7.111570661737582899e-01
7.123884466531384962e-01
7.123953793800343881e-01
7.125279467466846262e-01
7.125345698376889247e-01
7.133210008146916303e-01
7.135416718226339494e-01
7.139445022452355349e-01
7.143970758441178237e-01
7.145068444387429052e-01
7.146086898021462019e-01
7.146845133424426511e-01
7.153507702146272296e-01
7.154405064229713007e-01
7.157749483585849060e-01
7.157954274543427697e-01
7.164687472974977656e-01
7.165288762193758876e-01
7.167480342813141725e-01
7.168369013652461375e-01
7.169120607601231487e-01
7.171067602618462766e-01
7.177041950491656053e-01
7.183268337545456461e-01
7.192669381635787840e-01
7.199693196588098365e-01
7.200847235196009555e-01
7.202921629105868417e-01
7.213380840324102872e-01
7.215750453287981259e-01
7.217412650435659494e-01
7.218956278727918230e-01
7.220317533820561628e-01
7.226843803929060561e-01
7.233443692823445792e-01
7.242403601410103420e-01
7.242939796956109344e-01
7.244728853062823992e-01
7.245952468689461634e-01
7.252183613429126208e-01
7.252694702275310767e-01
7.253556125447234715e-01
7.260619636773204544e-01
7.261136954602525062e-01
7.261652165206395892e-01
7.270996023467174441e-01
7.281243035757986037e-01
7.281409853631989337e-01
7.284160048994523518e-01
7.287666393246358121e-01
7.291070000736012968e-01
7.294636431859514714e-01
7.297303645116853810e-01
7.301532189708860310e-01
7.302063996324088535e-01
7.305348588645895758e-01
7.305728361324991260e-01
7.312503589083252376e-01
7.313521309666232151e-01
7.317678889712656565e-01
7.320304693665791174e-01
7.325497153011463203e-01
7.326351602053073897e-01
7.327963679447925260e-01
7.329670325461916658e-01
7.329861238196346829e-01
7.334982282562009237e-01
7.336761658033590372e-01
7.341118469141868497e-01
7.342269065732839328e-01
7.345755591760194658e-01
7.347556999634548003e-01
7.348834806764764638e-01
7.351397009487066203e-01
7.353958067536179311e-01
7.354107257380952944e-01
7.366289504933258847e-01
7.386909889939383689e-01
7.387631144188293586e-01
7.387679623547865893e-01
7.389298078372082967e-01
7.391450383523132661e-01
7.393891812659827423e-01
7.399084483345784724e-01
7.410489566456839317e-01
7.412082519553601090e-01
7.412951069383814096e-01
7.418661305813918361e-01
7.419902567039687868e-01
7.424591875452334344e-01
7.429569094483742253e-01
7.431356156556148118e-01
7.437928453625753944e-01
7.439931790449221261e-01
7.442408982751115287e-01
7.453336556360690146e-01
7.456725036198781353e-01
7.460221771755847220e-01
7.464572348310956063e-01
7.465534168523076941e-01
7.470751903587132814e-01
7.472091031426143504e-01
7.474398591257599422e-01
7.475233410069754836e-01
7.483264342547232273e-01
7.485522934164373643e-01
7.487741638713761860e-01
7.488501629224376677e-01
7.491480942005450672e-01
7.492302404525590376e-01
7.496260725143594206e-01
7.500561396884865006e-01
7.500901280433044382e-01
7.501449283667538381e-01
7.501885633931598685e-01
7.503435559452076298e-01
7.504726613372884048e-01
7.506721586970553917e-01
7.521855056581794319e-01
7.523316955964671759e-01
7.529075642692153458e-01
7.529278094244293840e-01
7.530771061168980429e-01
7.537544312360712206e-01
7.554899356978705960e-01
7.555902310717379500e-01
7.559346039381198423e-01
7.563768509178561139e-01
7.573383047957905623e-01
7.577671125789912088e-01
7.581063616318259868e-01
7.582847070919993548e-01
7.584342785273020526e-01
7.590027892860771175e-01
7.590673338796951608e-01
7.595692285354573858e-01
7.596955663089794974e-01
7.598815085364253319e-01
7.603889030641982627e-01
7.605800240321164418e-01
7.609035269215108643e-01
7.609774735998647843e-01
7.612655673784541888e-01
7.613550823706967119e-01
7.615193070889693105e-01
7.615533709243462734e-01
7.617078637783022410e-01
7.617595601293153385e-01
7.617858494463431995e-01
7.618039750250548137e-01
7.625932116819434947e-01
7.626440545467088050e-01
7.626707204997600353e-01
7.627443624492076246e-01
7.628892923608375787e-01
7.644527952751378752e-01
7.648464693569729800e-01
7.648770741698349696e-01
7.648820340985186261e-01
7.649696612964147491e-01
7.650929851735130960e-01
7.653857754512913836e-01
7.655320141953023683e-01
7.659194313131274523e-01
7.674359669312155185e-01
7.680457014620996059e-01
7.684751929256525838e-01
7.687256272612664754e-01
7.689137117775455277e-01
7.693637895098403012e-01
7.701020667920273066e-01
7.706665200755001832e-01
7.707609831488022589e-01
7.708991198375606535e-01
7.710876317908493816e-01
7.711776804389468554e-01
7.716333719956575132e-01
7.718993502325470768e-01
7.724965505831633550e-01
7.726792632751443568e-01
7.726829365290319718e-01
7.730125717473343983e-01
7.742572009612296302e-01
7.746665405773374147e-01
7.747146447350254927e-01
7.747460480485364176e-01
7.748353391219024999e-01
7.752387175484642956e-01
7.753378010724993885e-01
7.753763426893762745e-01
7.764408694912939835e-01
7.794749293304423787e-01
7.795293793430418949e-01
7.798142813371802262e-01
7.799223508326262877e-01
7.801808300269357233e-01
7.802638916302749861e-01
7.805816131318927820e-01
7.814264634218636152e-01
7.818592840128767429e-01
7.821019305733077909e-01
7.822372563628652298e-01
7.824942345468178795e-01
7.831435587065450621e-01
7.833145605727979133e-01
7.834432371681386842e-01
7.836998401476946707e-01
7.849090836970089580e-01
7.853324135159527319e-01
7.854466079510316057e-01
7.858906128627394239e-01
7.863660654850316289e-01
7.864305673046955159e-01
7.866560876686451431e-01
7.877414328728610249e-01
7.896091128367653811e-01
7.900425293600894516e-01
7.902759270531003466e-01
7.904145950309789947e-01
7.910970320878611961e-01
7.915025644385650372e-01
7.917316730675895142e-01
7.918873600163410797e-01
7.920114839474433621e-01
7.921910825143922974e-01
7.945944417929028392e-01
7.949315282143215589e-01
7.956986248386124227e-01
7.967535894999185908e-01
7.974323433090597657e-01
7.977165756968319643e-01
7.979207178100214959e-01
7.981271800554535778e-01
7.989252957566832514e-01
7.990152247926086693e-01
7.990745921433958232e-01
7.991428465494497813e-01
7.992100080761549430e-01
7.993328851444349015e-01
8.000584483218720067e-01
8.014610954670325915e-01
8.028895114839913472e-01
8.029798794851772392e-01
8.030331777689768691e-01
8.034631079615779381e-01
8.034923905878105233e-01
8.035447788441305583e-01
8.035863207016439302e-01
8.035948269311694592e-01
8.038084021099543008e-01
8.049578165333635127e-01
8.050662617494257489e-01
8.053918706852095655e-01
8.059389497673012936e-01
8.059620744586084573e-01
8.063243095930756610e-01
8.070743956924630869e-01
8.074366564125792234e-01
8.077206491737789484e-01
8.081982687621445116e-01
8.083793479078670297e-01
8.084208967446777638e-01
8.084406283240154201e-01
8.100818569353810394e-01
8.114188379770360671e-01
8.117283084438529084e-01
8.124938469364194615e-01
8.128594609006447591e-01
8.132338734765627297e-01
8.140143163413249283e-01
8.140386903619748482e-01
8.143128876193130861e-01
8.144007454291748438e-01
8.144815509435294754e-01
8.147123974764577392e-01
8.147358437828492450e-01
8.148222500968820281e-01
8.150199441960135349e-01
8.150920605825497933e-01
8.153000825255324324e-01
8.153697379498993092e-01
8.153899007925874409e-01
8.154031686792450051e-01
8.159058332366647681e-01
8.161103427195287585e-01
8.169674217811532246e-01
8.171144848719534837e-01
8.174807927922607131e-01
8.175709124871106681e-01
8.176502226140541785e-01
8.181429567831473015e-01
8.183809079733337377e-01
8.185346496965496543e-01
8.186758841239608619e-01
8.194777640556172305e-01
8.195815454141469614e-01
8.208287280031246747e-01
8.211400295904176527e-01
8.213962057695595176e-01
8.215897251560184689e-01
8.224229549436428144e-01
8.229666448524248779e-01
8.229903171671267836e-01
8.232243930725350323e-01
8.233762497752868947e-01
8.236945218228317600e-01
8.238345535085102034e-01
8.239378762014657465e-01
8.244701211034820565e-01
8.250477123289068349e-01
8.251110251850796162e-01
8.252156006190911608e-01
8.255975244355967524e-01
8.263047898528059765e-01
8.263402998701564472e-01
8.264024638289408919e-01
8.268119994685309004e-01
8.269415680635963106e-01
8.271834614064079716e-01
8.280074671035893008e-01
8.284560202238484550e-01
8.285435655835141633e-01
8.288507318821501935e-01
8.289190036910922821e-01
8.289200031583563444e-01
8.292823630497735410e-01
8.298330758303800181e-01
8.306374748274154562e-01
8.307663719620981269e-01
8.308692640484116598e-01
8.310227269670841244e-01
8.312001902722255808e-01
8.313438081053250439e-01
8.316042410759149073e-01
8.316047769743900586e-01
8.318069082110940426e-01
8.322717308391878177e-01
8.323866896560635498e-01
8.326552392522937884e-01
8.332146728719199702e-01
8.333091810141974864e-01
8.333311266311800303e-01
8.343696171168771825e-01
8.343784539505092468e-01
8.345178413736201728e-01
8.355043421564934958e-01
8.356905502336910985e-01
8.357296113338907873e-01
8.358006184666687544e-01
8.360029451466345352e-01
8.374876712003933577e-01
8.377332284818150843e-01
8.381529249399300996e-01
8.383157286713130985e-01
8.384314621615318597e-01
8.384457847807890163e-01
8.388193778978113579e-01
8.391853947544368753e-01
8.392795313558641945e-01
8.394763925943936611e-01
8.396796418482481705e-01
8.397427924691586165e-01
8.401826835397263604e-01
8.420931070266549634e-01
8.426747972055192992e-01
8.431119843550709536e-01
8.432944405362008400e-01
8.432947770061686166e-01
8.436691270112643970e-01
8.437850859526824232e-01
8.442288718782448020e-01
8.442881039117394737e-01
8.451279036270031852e-01
8.458222571125344480e-01
8.465864636585930247e-01
8.474466804109752616e-01
8.476516762591661536e-01
8.480512817683371063e-01
8.485641097916297726e-01
8.490167522649155751e-01
8.495705021413566538e-01
8.498004827088141422e-01
8.500886370508762280e-01
8.502340715276833771e-01
8.507830183841591509e-01
8.509531482557781690e-01
8.511045322802278656e-01
8.514212663717692919e-01
8.514360787422169397e-01
8.519323607239996932e-01
8.520790121276005102e-01
8.525573593493709357e-01
8.529254490435688174e-01
8.529928656350170835e-01
8.530690536429711424e-01
8.532923693831647727e-01
8.535176942809699074e-01
8.547292376070279030e-01
8.549698127749391086e-01
8.552778165937564570e-01
8.555452729802971445e-01
8.565206239770473129e-01
8.568003423324114243e-01
8.568258473576325640e-01
8.572641863816253816e-01
8.575067632193114076e-01
8.576519953731535084e-01
8.579821907878284470e-01
8.587612100343503529e-01
8.588737882662780265e-01
8.591050807573115122e-01
8.593128594219742178e-01
8.593500869345449544e-01
8.596634421081779109e-01
8.602066066638822672e-01
8.603200303432443352e-01
8.604467774322608342e-01
8.619371001086691964e-01
8.619686363878735769e-01
8.622490997228926535e-01
8.627547782437522406e-01
8.629050779088086598e-01
8.632838703200986785e-01
8.634136312405014113e-01
8.634613213488053773e-01
8.636470651411135568e-01
8.637924479697639546e-01
8.642454016811678130e-01
8.646993002815086538e-01
8.664011576425446615e-01
8.664068090060449423e-01
8.672462307831242390e-01
8.675684442587849876e-01
8.692549329450987017e-01
8.697583034278776326e-01
8.699995160601706745e-01
8.710588286686447024e-01
8.711107198481778946e-01
8.713269968395072063e-01
8.714279801438877815e-01
8.720426742440323675e-01
8.722387028922318208e-01
8.732570862872378603e-01
8.736707170407458367e-01
8.740103250589650319e-01
8.744730449279357609e-01
8.747347055218410716e-01
8.748827242390280201e-01
8.751805626493367463e-01
8.753377063593013041e-01
8.756481315679878197e-01
8.764020379023882423e-01
8.768579396795023184e-01
8.768810313672587009e-01
8.768921633109992841e-01
8.775052551217547014e-01
8.777519821889888663e-01
8.779626121242395387e-01
8.780791072747654580e-01
8.787279595425965262e-01
8.788009184286420528e-01
8.791314829802047148e-01
8.792746089347948102e-01
8.799247029159201761e-01
8.801760687126273242e-01
8.802059845058922694e-01
8.803193117680190305e-01
8.808530364970366122e-01
8.810465347134507352e-01
8.824114672491920608e-01
8.824849180220808442e-01
8.825569867173509442e-01
8.827772704687477656e-01
8.830637283836335616e-01
8.834327215765910291e-01
8.835319292614940423e-01
8.835554431715442192e-01
8.842798052638792816e-01
8.847280104181221017e-01
8.847477663000834491e-01
8.849680213591774036e-01
8.861814064753371634e-01
8.867288439587873716e-01
8.868498058295074538e-01
8.869378785238142271e-01
8.869612436042941805e-01
8.872746650961021997e-01
8.874908583448021249e-01
8.877397947232656961e-01
8.883550752172408860e-01
8.884383080420982237e-01
8.885132614885824509e-01
8.885469378953746444e-01
8.891935422372259090e-01
8.900521152528215740e-01
8.902050783459304339e-01
8.902972329795633133e-01
8.904874909953500728e-01
8.911160756587128695e-01
8.914864834990356979e-01
8.915659569861984490e-01
8.916100852330062221e-01
8.917440860451274487e-01
8.917520316465674668e-01
8.921514094318220289e-01
8.921980337156583118e-01
8.922058371988644820e-01
8.923073794796635427e-01
8.939609939966374208e-01
8.940006277089653786e-01
8.940886142056373442e-01
8.941511143704020670e-01
8.949625146982913559e-01
8.953295816997932643e-01
8.953637548995311279e-01
8.954106726278198147e-01
8.960498723116114839e-01
8.963750470789045854e-01
8.967104385075519435e-01
8.974113938347001440e-01
8.976315268346524157e-01
8.983203384602485020e-01
8.983362460807700067e-01
8.985244126446279012e-01
8.985689990227530011e-01
8.990099639950220878e-01
8.992596062910974686e-01
8.994952310285145858e-01
8.999052051622024040e-01
9.005900956405352709e-01
9.010326812626645587e-01
9.012849875470114736e-01
9.022109858203780641e-01
9.022349220921416224e-01
9.025525496432731387e-01
9.026700672228722411e-01
9.035562536892457475e-01
9.042131518196276918e-01
9.042131903631344114e-01
9.047362427366589799e-01
9.050933428414958959e-01
9.057652772412150277e-01
9.059758001996421894e-01
9.060125468507634894e-01
9.064872088410707018e-01
9.064930140705617090e-01
9.066601390712070163e-01
9.066847907309789623e-01
9.067673463115724086e-01
9.073966865873257515e-01
9.074435743554761791e-01
9.075060334022956310e-01
9.075410760062176951e-01
9.077936354996984925e-01
9.081490634342823665e-01
9.083357837419681058e-01
9.084846475909227337e-01
9.087269202299151916e-01
9.088120097695754351e-01
9.091264265422563939e-01
9.106170142383084309e-01
9.108729072614277777e-01
9.109594283803134074e-01
9.110587890992462023e-01
9.113067289204128674e-01
9.114705023621767488e-01
9.125470646791493667e-01
9.127175838430757748e-01
9.131157240839683498e-01
9.139001590640289940e-01
9.139549513144555881e-01
9.142414967627450206e-01
9.148361030990843634e-01
9.150463434652422734e-01
9.155129331442442009e-01
9.157231737979689701e-01
9.158242410379614507e-01
9.159719755681581255e-01
9.161155119611797959e-01
9.161230367645163408e-01
9.164948072165929327e-01
9.168685170460628697e-01
9.168760410512672987e-01
9.169938741584945374e-01
9.172039344185005660e-01
9.172686066197415222e-01
9.184686720537424964e-01
9.190181124573419957e-01
9.191570966987665514e-01
9.192294579803861332e-01
9.193657531808320238e-01
9.194271048169675442e-01
9.197794129103471494e-01
9.201551728778615269e-01
9.205012800133806072e-01
9.205815258926804967e-01
9.208283198905239386e-01
9.208532189809875979e-01
9.211359836867196726e-01
9.212610177492678298e-01
9.214967844502701677e-01
9.221919013708352875e-01
9.222153782374313824e-01
9.226842934840503441e-01
9.228674044739663129e-01
9.230371042661574821e-01
9.231592069830468761e-01
9.239457487224717047e-01
9.249012249921045870e-01
9.256423941594361660e-01
9.257115024996609431e-01
9.260125956050553331e-01
9.260265436584838028e-01
9.265595849235979120e-01
9.265715663676540315e-01
9.266998067495982871e-01
9.270829166763743245e-01
9.279724494211372132e-01
9.291496344214736913e-01
9.300146549894442449e-01
9.300487130266522628e-01
9.305448047241559051e-01
9.306704730379805612e-01
9.307042685216819766e-01
9.309754537207487468e-01
9.319288599560310304e-01
9.334581051445678401e-01
9.334975024055338633e-01
9.337027048840349508e-01
9.337394424690743655e-01
9.338674530605540758e-01
9.342172746275477779e-01
9.343980111394388777e-01
9.355208965681200972e-01
9.359789923584219684e-01
9.362317213160264995e-01
9.363759547942109851e-01
9.369967152754488104e-01
9.383751346699521489e-01
9.386635758998095325e-01
9.387018964562798828e-01
9.392473093686275476e-01
9.397675800965578086e-01
9.408664314812869023e-01
9.414438472740728203e-01
9.416244763477871205e-01
9.416375271046579787e-01
9.421027085928337375e-01
9.422793010174247419e-01
9.423237710548948431e-01
9.423646167274382091e-01
9.426140643275987552e-01
9.430196469995442143e-01
9.436216180117700247e-01
9.437572383863704895e-01
9.440598059877142179e-01
9.442239598945192380e-01
9.447445745840811204e-01
9.450558517798940406e-01
9.462864052211855670e-01
9.465806782929151453e-01
9.466436905886579378e-01
9.472638874356067440e-01
9.480635309308143022e-01
9.480994195114927914e-01
9.481118596982693880e-01
9.482607333960710871e-01
9.483449611897787346e-01
9.484200712349214468e-01
9.486927946801264611e-01
9.486933989474326534e-01
9.487636903635627839e-01
9.488909961660145775e-01
9.492069087541863404e-01
9.492518189251241134e-01
9.495400324027403194e-01
9.500768359739687474e-01
9.500931464988914277e-01
9.502251979155503792e-01
9.503325064878659356e-01
9.509789385448327304e-01
9.514340610044791369e-01
9.519236886801756281e-01
9.519753548283768074e-01
9.519968602172960148e-01
9.523823057007495541e-01
9.524051563708014756e-01
9.525053175721709398e-01
9.525343589547575762e-01
9.532623907019323051e-01
9.533366318247878946e-01
9.533803578584130189e-01
9.535010987970979901e-01
9.536056735627256309e-01
9.539343622329579109e-01
9.540136903017857328e-01
9.542612921484470156e-01
9.544347568522082437e-01
9.550330982904373656e-01
9.551266332355723421e-01
9.556923687169849302e-01
9.557480965981541843e-01
9.562944480489548038e-01
9.564558813070057619e-01
9.564855317087490594e-01
9.565095199255362335e-01
9.566372839053322030e-01
9.567128117662376807e-01
9.576983844887554387e-01
9.578441350090632911e-01
9.579380261617612691e-01
9.585302085516138604e-01
9.585977724966270319e-01
9.588057027052031556e-01
9.598592830704367751e-01
9.600321820453827648e-01
9.602577285897024861e-01
9.603521638855266884e-01
9.606153159063347546e-01
9.606254266595047886e-01
9.607352007690219686e-01
9.607976286994106552e-01
9.608081672715241828e-01
9.610335011297164165e-01
9.610920280807777605e-01
9.615777089940981126e-01
9.617218829483888953e-01
9.618219930892740743e-01
9.618353034321492911e-01
9.620138611529882589e-01
9.621205328840670701e-01
9.627191983294617339e-01
9.627620280840376576e-01
9.631509054337450415e-01
9.640908696171311965e-01
9.642298703888975142e-01
9.645107771945905517e-01
9.651105256736560722e-01
9.653035874213536927e-01
9.657383687348208845e-01
9.665865578292289761e-01
9.665906136828702477e-01
9.667933955736890406e-01
9.670529995230101594e-01
9.670598166921248184e-01
9.676187214747485887e-01
9.677830476205884214e-01
9.678807999534984052e-01
9.679192087634588271e-01
9.682212730657996369e-01
9.688025065036380834e-01
9.688092469641430560e-01
9.688793607628640725e-01
9.691313017775998739e-01
9.691877550760966686e-01
9.694164741680999509e-01
9.698801242099881481e-01
9.699547661787191188e-01
9.707671354786576723e-01
9.709869998952097570e-01
9.712088930939444253e-01
9.716290797418786207e-01
9.720505110464094933e-01
9.725398256607309388e-01
9.727298866194403759e-01
9.730393301191534450e-01
9.735333366542646694e-01
9.740561158567344613e-01
9.750929851555627526e-01
9.757411732710341568e-01
9.760854492556981787e-01
9.763235939216001746e-01
9.764590718181368478e-01
9.768192284191680175e-01
9.768461035205057152e-01
9.769427883572053828e-01
9.769838258046167345e-01
9.776444615331690846e-01
9.782108117191340435e-01
9.789436093778378645e-01
9.792088316616175403e-01
9.808306367245719359e-01
9.814241822109583957e-01
9.817929024342996192e-01
9.827694433930497242e-01
9.828269156032301002e-01
9.832640453134233738e-01
9.834063701427361304e-01
9.835453956084431182e-01
9.837092997900064306e-01
9.837566157695807334e-01
9.838981908428111600e-01
9.854221340088006320e-01
9.857413335707823077e-01
9.865422861335356730e-01
9.866108135550410996e-01
9.866144313540490263e-01
9.868325106447427553e-01
9.869250792074096834e-01
9.870643991751915092e-01
9.871887317671723672e-01
9.875922275718928001e-01
9.877583293117798702e-01
9.881967568683996950e-01
9.884347395944743653e-01
9.885569100999468395e-01
9.889073406621433637e-01
9.889285843241717444e-01
9.894145237872066234e-01
9.898372688733733105e-01
9.898458929058037148e-01
9.904188188135466531e-01
9.907892588586383331e-01
9.908543457203735638e-01
9.908730831600053301e-01
9.915551980240269181e-01
9.918784461135982111e-01
9.919053962376305211e-01
9.925937693444880638e-01
9.926643280572495787e-01
9.932920693115864230e-01
9.936829729965229729e-01
9.938594611279774060e-01
9.940013550710409262e-01
9.944631729712873902e-01
9.953111029418604261e-01
9.955055653529144566e-01
9.958776040483480196e-01
9.966077052186513852e-01
9.983713234583466711e-01
9.984805705765411599e-01
9.986703952744072632e-01
9.992998857427851656e-01
9.994144635731966320e-01
9.995328330000953221e-01
1.000835273170241457e+00
1.001397063616830119e+00
1.001999096235000053e+00
1.002066789517201739e+00
1.002784424354388637e+00
1.002899765303269852e+00
1.003314555599423397e+00
1.003403654370456977e+00
1.004083841076674588e+00
1.004525019046447420e+00
1.004532947546073807e+00
1.004997197971972955e+00
1.005995651328252194e+00
1.006260557412177459e+00
1.006281068380318944e+00
1.006562705017267634e+00
1.006792635236600786e+00
1.007284857366960829e+00
1.007495692741033455e+00
1.008044494568934191e+00
1.008244895521068552e+00
1.008350590933277280e+00
1.009189259517253801e+00
1.010013283363905945e+00
1.011766021674631588e+00
1.012031328745101932e+00
1.012671081673915952e+00
1.012684506486768887e+00
1.012828779004107949e+00
1.012847060591430814e+00
1.012859217387269029e+00
1.013477531414895605e+00
1.013673762363989317e+00
1.013745435398939021e+00
1.014880893487448033e+00
1.014903419611290047e+00
1.014919836244967621e+00
1.015203746022453446e+00
1.015421120078298989e+00
1.016271714366779655e+00
1.016284384751935832e+00
1.016442708499637915e+00
1.016974158436277920e+00
1.017123794397774450e+00
1.018092578357926214e+00
1.018342007483946210e+00
1.019201796262721116e+00
1.019297156296991247e+00
1.020471474632301367e+00
1.020570120787408275e+00
1.020665082108322075e+00
1.020941736284873613e+00
1.022235685724626642e+00
1.022265205716383241e+00
1.022405142105883513e+00
1.024736701656838722e+00
1.025210765044356709e+00
1.025237554638985360e+00
1.025684119098561053e+00
1.026373587570018397e+00
1.026855496553030100e+00
1.026930120127528046e+00
1.027433561705833442e+00
1.027544013507426968e+00
1.027724522722173184e+00
1.027893004557093093e+00
1.028230136575138731e+00
1.028395775444559401e+00
1.028573306281201472e+00
1.029033664587985619e+00
1.030151476241564223e+00
1.030180480315778802e+00
1.030564037270393030e+00
1.030663191784185750e+00
1.031496360921350330e+00
1.031864809256549442e+00
1.031952970431419869e+00
1.032086375905047149e+00
1.032157173890723367e+00
1.032436506032565759e+00
1.032486036721485423e+00
1.032717474908799060e+00
1.032806387318695007e+00
1.033722325910836126e+00
1.033740988019116180e+00
1.033963001818549721e+00
1.034097548508071229e+00
1.034241191313155728e+00
1.034593655471428564e+00
1.034688926174646140e+00
1.034909355220553939e+00
1.034957708482383332e+00
1.035041975120515767e+00
1.036520005002602440e+00
1.036563412965068709e+00
1.036580690866154120e+00
1.036731864725279006e+00
1.036846736581175321e+00
1.037255137427969043e+00
1.037341648532611016e+00
1.037382420542818151e+00
1.037538521863039742e+00
1.037597905900172091e+00
1.038376903061483780e+00
1.038914391630157752e+00
1.039235917227825823e+00
1.040505054873077873e+00
1.040968385787684136e+00
1.041164929739657019e+00
1.041263130008988291e+00
1.041284359900866097e+00
1.041320808467563586e+00
1.041894577610807504e+00
1.041900714419840668e+00
1.042994703193882433e+00
1.043153663953716448e+00
1.043258255725746375e+00
1.043862433011671254e+00
1.043890646068519779e+00
1.044131484354117623e+00
1.044253543471807655e+00
1.044626409213188278e+00
1.045462438929712912e+00
1.045985685917985020e+00
1.046225909961144396e+00
1.047595689450190104e+00
1.047733205616875329e+00
1.047973809339938667e+00
1.048542146573437917e+00
1.048725671897651868e+00
1.048977621854229714e+00
1.049117415640292705e+00
1.049399373530488289e+00
1.049617314831174042e+00
1.049740674648563798e+00
1.049920957786937947e+00
1.051270772435753065e+00
1.051311411364093784e+00
1.051374236337507373e+00
1.051840721310271620e+00
1.052507899864630447e+00
1.052516839830012430e+00
1.052854390973140486e+00
1.053003883743768521e+00
1.053572032338677689e+00
1.053746744894119791e+00
1.054181015265115873e+00
1.054690346944421986e+00
1.054850443327632226e+00
1.055185350500998709e+00
1.055235107748678791e+00
1.055610662634386854e+00
1.055786147991011337e+00
1.056228225582451330e+00
1.056500331888556854e+00
1.056917343657933328e+00
1.057060155338640062e+00
1.057090536226585220e+00
1.058394361170616360e+00
1.058620953822038135e+00
1.059005265761952863e+00
1.059584397006788858e+00
1.059649344242809654e+00
1.059688437070205547e+00
1.059992857432025648e+00
1.060718099418455518e+00
1.060933742184634099e+00
1.061339531098718147e+00
1.061473529707919639e+00
1.063321228025056353e+00
1.063568888453369166e+00
1.063688451953292757e+00
1.063805614368428465e+00
1.063996686747687548e+00
1.064296990321921488e+00
1.064553829285465936e+00
1.064704136313468608e+00
1.065581852871117174e+00
1.065648813929761740e+00
1.065750872127408710e+00
1.066187991335374230e+00
1.066639150459041563e+00
1.066779861616408143e+00
1.066944506029257500e+00
1.067147362613659167e+00
1.067159838572897312e+00
1.067299795989478106e+00
1.067615198540907251e+00
1.068417671656764822e+00
1.069148477993003166e+00
1.069168711408971184e+00
1.069365031965711532e+00
1.069647396528379479e+00
1.070459423293632861e+00
1.070642631423336155e+00
1.070731512671735386e+00
1.070923960331900293e+00
1.071134782404911556e+00
1.071283871825491563e+00
1.071363114437085429e+00
1.071413790300040914e+00
1.071853664337885981e+00
1.072055253502943284e+00
1.072225125571561133e+00
1.072549331284346597e+00
1.072669455443684638e+00
1.073002165065124469e+00
1.073410412840926087e+00
1.073511777789174948e+00
1.074079681000039033e+00
1.075474009177831203e+00
1.075550504655601980e+00
1.075653807103086557e+00
1.075838086261406756e+00
1.076348547956681223e+00
1.076533926431696875e+00
1.076780200911950258e+00
1.077658657064055836e+00
1.078089357228155798e+00
1.079230998508206030e+00
1.079415072583743473e+00
1.080150811726443116e+00
1.080417851926893658e+00
1.080727419964040648e+00
1.081161628806559749e+00
1.081237695285481637e+00
1.081373038227436245e+00
1.081413205257831800e+00
1.081825900867328549e+00
1.082021481947773811e+00
1.082861900649485509e+00
1.083428264950635267e+00
1.083781022954497519e+00
1.084074124787395288e+00
1.084291261396879813e+00
1.084944562588055605e+00
1.085065371364417164e+00
1.085381249376359936e+00
1.085396436650111207e+00
1.085655846584399731e+00
1.085839328167663043e+00
1.086414213147679719e+00
1.087123093306092914e+00
1.087162131445105651e+00
1.087370141544889313e+00
1.088311601116463523e+00
1.089200822136301650e+00
1.089203802692155110e+00
1.090147452878080347e+00
1.090191905979159825e+00
1.090223682484568579e+00
1.090452256613735793e+00
1.090852167984868171e+00
1.091158834699270885e+00
1.091268945966738624e+00
1.092096891573876905e+00
1.092190277856641689e+00
1.092835848447041736e+00
1.093056745772014837e+00
1.093659432520016184e+00
1.093684616196974657e+00
1.093747556365782359e+00
1.093888434733327752e+00
1.094807117287385223e+00
1.094982467173094109e+00
1.095116575735200160e+00
1.096044515990289181e+00
1.097020112943745573e+00
1.097430801054645411e+00
1.097742265991280108e+00
1.098247891423836275e+00
1.098599377787756071e+00
1.100197697902748573e+00
1.101086492132505645e+00
1.101208813884534399e+00
1.101504084897912294e+00
1.101505639761493516e+00
1.101525092062325406e+00
1.101540672473977356e+00
1.102235774994817286e+00
1.102270219996986933e+00
1.103962594110666773e+00
1.104212327876367361e+00
1.104844272867358645e+00
1.105034899064922360e+00
1.105152414285749174e+00
1.105218692343435727e+00
1.105688482156341967e+00
1.106142609019798773e+00
1.106443712467165774e+00
1.106622070487756071e+00
1.106767189445299948e+00
1.106791583225798625e+00
1.106974430871735082e+00
1.107033545999090984e+00
1.107954861378151357e+00
1.108281432169058167e+00
1.108340566050929121e+00
1.108479127559623967e+00
1.108573766587340526e+00
1.108841004423543275e+00
1.109161032152915283e+00
1.109236348692300922e+00
1.109496778836676967e+00
1.110240543240431199e+00
1.111125783684979274e+00
1.111530878484321638e+00
1.112882740501540235e+00
1.113137262024376906e+00
1.113468595695488617e+00
1.113736854667204845e+00
1.114073404154734881e+00
1.114097338354650857e+00
1.114352575269371259e+00
1.114427635309514830e+00
1.114480072926308241e+00
1.114744718366832865e+00
1.116079971901999146e+00
1.116301816424942972e+00
1.117550955559303949e+00
1.117609750551425529e+00
1.117710729218850840e+00
1.118560680293104070e+00
1.118931772020888671e+00
1.118951078231855467e+00
1.119104644047320685e+00
1.119369148378736023e+00
1.119381226620140390e+00
1.119462378738306452e+00
1.119481706083235606e+00
1.119687994613575377e+00
1.119746309319108013e+00
1.120366344652160118e+00
1.121381037589986862e+00
1.121576425282019063e+00
1.122239118534617219e+00
1.122333203793445922e+00
1.122482247351719309e+00
1.122524587541746888e+00
1.122738880112872151e+00
1.123011805425066845e+00
1.123692571469714574e+00
1.123882571470103953e+00
1.123953786892805118e+00
1.125272075544833772e+00
1.125717417990793168e+00
1.125778425866406973e+00
1.126274711287229779e+00
1.126350712937582488e+00
1.126565694520947458e+00
1.126858391124581305e+00
1.127116682176614093e+00
1.127144461874585391e+00
1.129167797988718025e+00
1.129457610782005350e+00
1.129707562567914048e+00
1.130647785041318354e+00
1.130822240282989055e+00
1.131649152317384832e+00
1.132408423393027386e+00
1.132469314738808741e+00
1.134464818972778843e+00
1.134953080258394031e+00
1.135396020232064318e+00
1.135591494446512861e+00
1.135911005410731311e+00
1.136340451746951308e+00
1.136851412923870486e+00
1.136938062577437680e+00
1.137333212611252531e+00
1.138140391371034177e+00
1.138720518657333258e+00
1.138959647915708473e+00
1.139107747845198082e+00
1.139351384257618394e+00
1.140151226552375219e+00
1.140491032332561216e+00
1.141346645998949638e+00
1.141406231440078134e+00
1.141541156050893013e+00
1.141564316250143873e+00
1.141694071744362660e+00
1.142364514978021939e+00
1.142927568264006988e+00
1.143137711493249720e+00
1.143457273103620553e+00
1.146070389747569473e+00
1.146673548028124712e+00
1.146951633513602742e+00
1.147351869594323448e+00
1.147618784507923761e+00
1.147910644965377980e+00
1.148272018632411351e+00
1.148628040050442056e+00
1.148998691558489993e+00
1.149198846083507197e+00
1.150884703078818072e+00
1.150992751814162496e+00
1.151059697493943323e+00
1.151158760152650506e+00
1.151407392761120807e+00
1.151992951515502961e+00
1.152395077758622932e+00
1.153015692583267748e+00
1.153187194570823859e+00
1.153385214427115946e+00
1.154546060136947050e+00
1.154720689384105548e+00
1.156077896225689239e+00
1.158095316847727263e+00
1.159508925762992249e+00
1.159579799585318538e+00
1.159930992957502127e+00
1.160392280303856438e+00
1.160491397015846360e+00
1.160516602862369462e+00
1.160729516344324308e+00
1.160823312686142916e+00
1.160994644650600760e+00
1.161301897909284842e+00
1.161852018112669915e+00
1.162934639904819045e+00
1.163007523070803684e+00
1.163173440244854584e+00
1.163237888972668443e+00
1.163672468464203025e+00
1.163902891457838429e+00
1.164314866754809330e+00
1.164622053704825744e+00
1.164712052868978276e+00
1.165778715812554989e+00
1.166276209399089492e+00
1.167064619392912617e+00
1.167362338239128494e+00
1.167471281807248129e+00
1.167914606860919635e+00
1.168464651687801004e+00
1.168555045166699724e+00
1.168723593413443451e+00
1.169058696537236264e+00
1.169153544817225443e+00
1.169575211839215756e+00
1.170635463909349028e+00
1.171217642834267991e+00
1.171446626361958288e+00
1.171456709564710374e+00
1.171682992115986588e+00
1.171936593380225933e+00
1.172116238333920535e+00
1.172279286393839159e+00
1.172533333484096385e+00
1.172670006296989031e+00
1.172996183044510587e+00
1.173308274497721237e+00
1.173522129279879866e+00
1.173525540511776821e+00
1.173660677256451290e+00
1.173857481319207752e+00
1.173922104836317093e+00
1.174353169031349120e+00
1.174552305417397191e+00
1.174732500805096169e+00
1.174905205393708796e+00
1.175473162654174342e+00
1.175616661810195307e+00
1.175642580559444150e+00
1.176515343589725315e+00
1.176558937136037430e+00
1.176761510800337973e+00
1.176779113447795622e+00
1.177959504597807072e+00
1.178489700774536519e+00
1.178844555787514681e+00
1.180124146868434032e+00
1.180525012497511961e+00
1.180656689148887661e+00
1.181628512492677086e+00
1.181825239796052474e+00
1.181888862819181485e+00
1.181999762975685320e+00
1.182233165443718370e+00
1.182503858266089392e+00
1.183452659601323509e+00
1.183760147249776962e+00
1.183957110513102595e+00
1.184057257341784686e+00
1.184123460600900124e+00
1.184928960033052148e+00
1.185387027646753522e+00
1.186265031216686472e+00
1.187394269420908088e+00
1.187423445025152402e+00
1.188145562837403801e+00
1.188788223390550902e+00
1.189165354301789268e+00
1.190590255473541692e+00
1.190867291878695111e+00
1.190937724129591979e+00
1.192182514770595114e+00
1.193282071736399441e+00
1.193611740255936082e+00
1.195261178650071532e+00
1.195421616302522194e+00
1.195503275569432367e+00
1.196177004788779197e+00
1.196655064488853615e+00
1.196735212490946054e+00
1.197158721579894669e+00
1.197830526472213997e+00
1.198987818680254724e+00
1.199295735596855428e+00
1.199698435191803858e+00
1.199839472840249499e+00
1.200345731893232015e+00
1.202098458328329400e+00
1.202514481125704249e+00
1.202644490817930789e+00
1.203208151828822681e+00
1.203579949125533011e+00
1.204430432709260312e+00
1.204456772669647568e+00
1.204495516759369389e+00
1.204521195685301915e+00
1.204747009425392701e+00
1.204910887531314145e+00
1.205527334357209934e+00
1.205706864008319279e+00
1.205847252088734889e+00
1.206088071039733478e+00
1.206353428153046581e+00
1.206773033718977706e+00
1.206841816027711678e+00
1.207601386110966013e+00
1.209955029431459383e+00
1.210683765890068653e+00
1.210981859003144701e+00
1.212306015777666612e+00
1.212474001613161878e+00
1.212701578737951813e+00
1.212729757163355293e+00
1.212741279295806107e+00
1.212743362614405296e+00
1.212991637748074503e+00
1.214028987768250190e+00
1.214214587144621937e+00
1.214477431673552932e+00
1.215498985077829053e+00
1.215925835354220164e+00
1.217806156284854779e+00
1.218382728593129904e+00
1.218472303699489556e+00
1.218665505104092661e+00
1.218743998557657360e+00
1.219447167822751865e+00
1.220670969673486983e+00
1.221992120912746893e+00
1.222362577017468865e+00
1.222724119115425223e+00
1.223005897468875558e+00
1.223284493387722049e+00
1.223382482112772340e+00
1.223582608739504529e+00
1.224084624697536983e+00
1.224281211405165104e+00
1.224396382435194663e+00
1.224701261198052782e+00
1.224707563240574837e+00
1.226638844567843334e+00
1.226948753885700016e+00
1.226993596184378310e+00
1.228013000229611240e+00
1.228014741890574468e+00
1.228171497624605424e+00
1.228361662589543268e+00
1.228613692504775257e+00
1.228861527571718293e+00
1.229412050425299219e+00
1.229514462613052306e+00
1.230504349528206420e+00
1.230650307483313721e+00
1.230664911792998417e+00
1.231150371922885345e+00
1.231412943911590174e+00
1.231466880042960677e+00
1.231857798759066647e+00
1.232991150361365529e+00
1.233099433391194877e+00
1.233186142507934235e+00
1.233552443956452027e+00
1.234094559085905596e+00
1.235596207303667260e+00
1.235804056532637363e+00
1.236194586319917299e+00
1.236487910232553222e+00
1.237240046673844462e+00
1.237436359219490578e+00
1.237960898319889980e+00
1.238360871969978572e+00
1.239223613508403377e+00
1.239395925118128128e+00
1.240205846633444020e+00
1.240993812826295173e+00
1.241827869619205549e+00
1.241957379798072303e+00
1.242428386133053175e+00
1.242930742077746453e+00
1.243003589105716733e+00
1.243040429098578148e+00
1.243569865123260065e+00
1.243823074575544307e+00
1.244214602985994178e+00
1.244217141405905114e+00
1.244426647579990108e+00
1.244507213879921803e+00
1.245282278044999469e+00
1.245314305647773789e+00
1.245319745967105485e+00
1.246015699826652945e+00
1.246668416892254161e+00
1.246965158371140081e+00
1.247524495931997768e+00
1.250466171546090299e+00
1.250473165668626985e+00
1.250605879602300075e+00
1.251045444387820726e+00
1.251264417463438861e+00
1.251584057604355760e+00
1.252324685912025393e+00
1.252403892203280744e+00
1.252770393220073775e+00
1.253109819859942631e+00
1.253349756451747732e+00
1.253426795615530276e+00
1.254372423019077587e+00
1.254586254678162094e+00
1.254907202724604209e+00
1.254958753339786126e+00
1.254980439261207392e+00
1.255978226181561963e+00
1.257045504495828636e+00
1.257174889806912388e+00
1.257435787098538205e+00
1.257910945385168233e+00
1.257963950282092735e+00
1.258563526001617028e+00
1.259037289199784748e+00
1.259038041077683578e+00
1.260453667656822763e+00
1.261109700252965427e+00
1.261362094432997738e+00
1.262186956873436738e+00
1.263305082559293302e+00
1.263613840983011771e+00
1.263712027679216643e+00
1.263874824942815556e+00
1.263935062606482918e+00
1.264186205570049681e+00
1.264287900718743529e+00
1.265073722034595782e+00
1.265232054612985824e+00
1.266027007080178679e+00
1.266156276442998774e+00
1.266471953644536574e+00
1.266559810625599969e+00
1.267316959816296995e+00
1.267926988541666411e+00
1.267983195296030763e+00
1.268294967790353223e+00
1.268506448908375495e+00
1.269361256826245343e+00
1.269712380165186616e+00
1.269861190225572978e+00
1.271686155569401233e+00
1.271920375795513314e+00
1.272360465231834992e+00
1.272459426288128581e+00
1.272501062970116559e+00
1.272675413163272706e+00
1.273568728312973519e+00
1.274342748270090642e+00
1.274388176335487399e+00
1.274476769124133213e+00
1.274482077187267137e+00
1.275865075811609683e+00
1.277313181214851268e+00
1.277859936749852432e+00
1.278111946705130952e+00
1.278454652038854666e+00
1.278819987390767299e+00
1.279072034649036071e+00
1.279492646237277098e+00
1.279838649727395916e+00
1.279974151182510900e+00
1.280031537501364003e+00
1.280653880318829207e+00
1.281518002088482433e+00
1.281860971448140818e+00
1.281963631440488527e+00
1.282603190760137624e+00
1.282728216568167490e+00
1.283704033512003129e+00
1.284218506561179529e+00
1.284353787346459663e+00
1.285005349833893806e+00
1.285056205197663948e+00
1.285436722387103270e+00
1.285886611045674144e+00
1.286738499417612980e+00
1.287949554168598798e+00
1.288751784090456320e+00
1.289400843887944292e+00
1.289807624148373133e+00
1.289900925377030827e+00
1.291556308309772749e+00
1.291560085945219427e+00
1.292388165328819838e+00
1.292486751699545966e+00
1.292832154621625040e+00
1.293617894976645921e+00
1.293755066015781052e+00
1.294662024578976611e+00
1.295033040011274172e+00
1.295693043227789776e+00
1.295801320332196527e+00
1.296499698421696989e+00
1.296568050758201807e+00
1.296876037203083865e+00
1.297067277727405932e+00
1.297964630136024144e+00
1.298050172908338018e+00
1.298492483716880752e+00
1.298545589390831090e+00
1.298632882400811095e+00
1.299815530590203050e+00
1.300120667627153059e+00
1.301402647887296649e+00
1.303222176529070575e+00
1.303896039461853062e+00
1.303896643541491374e+00
1.303934058550835218e+00
1.303987274269392760e+00
1.304073892876566498e+00
1.304518850019151577e+00
1.305294348499770329e+00
1.305527596914237920e+00
1.305722292525658412e+00
1.305824954483225442e+00
1.308475816943494019e+00
1.309477194387896004e+00
1.310180111574802853e+00
1.310266034399755641e+00
1.310798686593262596e+00
1.311844296531397003e+00
1.312383927899965608e+00
1.312470507923557461e+00
1.312484149278655199e+00
1.312783503589631806e+00
1.313547048600826939e+00
1.313569012488721377e+00
1.315691447865411590e+00
1.315699841366434475e+00
1.318924155945315535e+00
1.319745003864851496e+00
1.319815828153745318e+00
1.319822935558542243e+00
1.322148895747248032e+00
1.322254499503410230e+00
1.322456636533613894e+00
1.322596274011804462e+00
1.322798403314757287e+00
1.322969998977219452e+00
1.323569848422498696e+00
1.323883943452810241e+00
1.324032792065673148e+00
1.324264891090604745e+00
1.324404689845371408e+00
1.324478695393292105e+00
1.324749969068236943e+00
1.325657932965968122e+00
1.326640353339777700e+00
1.326765315153348057e+00
1.327344671752384242e+00
1.327771420760936127e+00
1.328753047997051073e+00
1.329566258454634387e+00
1.330922945138649949e+00
1.330967489304308637e+00
1.331000845762464246e+00
1.332301038772400359e+00
1.332896457933416601e+00
1.333958266130489401e+00
1.334169816334715097e+00
1.334182725830475480e+00
1.334250821126044650e+00
1.334996272301775866e+00
1.335011330021349307e+00
1.336680604885797319e+00
1.337819280806856304e+00
1.338269998434253205e+00
1.338672880557405076e+00
1.340489746748484423e+00
1.340743150622698110e+00
1.341598189296592469e+00
1.341975428582827590e+00
1.343237304265039400e+00
1.343466039167960924e+00
1.344999185689767840e+00
1.345279151917168070e+00
1.345553275826364636e+00
1.345574239419483842e+00
1.345658547592658350e+00
1.346607215229144616e+00
1.346984344824003088e+00
1.347383815092377146e+00
1.347449874076595666e+00
1.347685682702376209e+00
1.348652132010644156e+00
1.348975169418046072e+00
1.349320318488137715e+00
1.349821127965449730e+00
1.350321328768039120e+00
1.350491022248846651e+00
1.350547497457488477e+00
1.350933077416236028e+00
1.351153243959253292e+00
1.351921124591282775e+00
1.352328492933519311e+00
1.352741118341599158e+00
1.353701899847074230e+00
1.354778110112339728e+00
1.355331248366318464e+00
1.355442659489572987e+00
1.355489942653556712e+00
1.355707829512663221e+00
1.355829368614915653e+00
1.356040391213868324e+00
1.356448273911952329e+00
1.356836210135069054e+00
1.357038953925100877e+00
1.357190051525321239e+00
1.357707714524878151e+00
1.358723069985256826e+00
1.358844782722046896e+00
1.359940172910690803e+00
1.359978700867111812e+00
1.360106215012322206e+00
1.360497298935329447e+00
1.361036820344418308e+00
1.361873677098291546e+00
1.362216695942283895e+00
1.362230086992451072e+00
1.362587185311270765e+00
1.362607659270621774e+00
1.362777090990806128e+00
1.363556910685788770e+00
1.363806124250708462e+00
1.364032157009758661e+00
1.364215105923082261e+00
1.364581086912765029e+00
1.365111923456497234e+00
1.367461583709570272e+00
1.367996185442123203e+00
1.368047890094508334e+00
1.368083920027068023e+00
1.368996897193113016e+00
1.369104939070797444e+00
1.370648666897228862e+00
1.370759054712058722e+00
1.371179595322194356e+00
1.371671667684126295e+00
1.371764398424359488e+00
1.372298368817038927e+00
1.372619951461121257e+00
1.373382424000106683e+00
1.373395035168498701e+00
1.375272455480040623e+00
1.375398901662576945e+00
1.375521710056931912e+00
1.375730394396437850e+00
1.376749618456491131e+00
1.377144475115598121e+00
1.377425715019093388e+00
1.377482469405152399e+00
1.378046418336453582e+00
1.379545216640220673e+00
1.380640402054077454e+00
1.380726567218941492e+00
1.381394631173523679e+00
1.381556401187454153e+00
1.382281176162004188e+00
1.382461309187125842e+00
1.382790875400856434e+00
1.383663274420043665e+00
1.383741583318399471e+00
1.384443493784968116e+00
1.384956822638917284e+00
1.385319629951912379e+00
1.385946140515533553e+00
1.386117030853228682e+00
1.386132710969241177e+00
1.386671663846358094e+00
1.388624769783451951e+00
1.388636287679514636e+00
1.389604617478944926e+00
1.390307638203882812e+00
1.391605690009594110e+00
1.391608186738401809e+00
1.391887787913137497e+00
1.393492601536898023e+00
1.393619292243726049e+00
1.393755971554857753e+00
1.394093649354110953e+00
1.394276098881311654e+00
1.395003502878029655e+00
1.395005698523253512e+00
1.395006037954540368e+00
1.395697425645763934e+00
1.395943520127050919e+00
1.397893142718912074e+00
1.398068902084935949e+00
1.398697025016044648e+00
1.400441223248735323e+00
1.401477951905957253e+00
1.401976405475883425e+00
1.402848602976986214e+00
1.403772942936049484e+00
1.404358982218997021e+00
1.404500658248043266e+00
1.404539516313532799e+00
1.404927457517712419e+00
1.405249774635786819e+00
1.405372849453450534e+00
1.405613805491755297e+00
1.406353670415773527e+00
1.406780348697230121e+00
1.406818758680451253e+00
1.408170951875355348e+00
1.408367947341721660e+00
1.408418296457281782e+00
1.408421190831467662e+00
1.408482847922749581e+00
1.409011137652615986e+00
1.409086298209864418e+00
1.409646784214704018e+00
1.409899240767427564e+00
1.410752380688396812e+00
1.411193132143115481e+00
1.411493174087075531e+00
1.411664533579508829e+00
1.412159521346181501e+00
1.412438274999467724e+00
1.412991580638035316e+00
1.413050371355808688e+00
1.413566384574933554e+00
1.413672919011222495e+00
1.413695079475241423e+00
1.414936631438953984e+00
1.415990627038994365e+00
1.416791648010766957e+00
1.417496336120632083e+00
1.417691222118770300e+00
1.417937635497052540e+00
1.418292918043336126e+00
1.419178777767608812e+00
1.419244444539089933e+00
1.419291178800035302e+00
1.421736934545866138e+00
1.422456352413935754e+00
1.424573314004037083e+00
1.425833818817598075e+00
1.426221046616301003e+00
1.426263328998908619e+00
1.426780698623749677e+00
1.427319203796495017e+00
1.427978383841808308e+00
1.428775863896915022e+00
1.428846557644954274e+00
1.428984499086691340e+00
1.429253450242321311e+00
1.429470618566331286e+00
1.431278671967491922e+00
1.431516258911524231e+00
1.431704216151012288e+00
1.431824719445521810e+00
1.431864296912065182e+00
1.432113583771662091e+00
1.432128365138039872e+00
1.432778063385930167e+00
1.433365698942409949e+00
1.433701871336988454e+00
1.433754334838607924e+00
1.433900067799753542e+00
1.434893490545188000e+00
1.435217341369217969e+00
1.435765523505543984e+00
1.436145578534492762e+00
1.436175661635217260e+00
1.436588620430903518e+00
1.437074065554250657e+00
1.437684002835374564e+00
1.437948153707470533e+00
1.438276014221716803e+00
1.439654252096554732e+00
1.439743257349352934e+00
1.439934957151796091e+00
1.440466841806797849e+00
1.440857347637603203e+00
1.441172855575763023e+00
1.441879090202070168e+00
1.441979772045150598e+00
1.442096470019366139e+00
1.443276738457088371e+00
1.443705559814541184e+00
1.444513322842871705e+00
1.444812050786702384e+00
1.445083665975131382e+00
1.447303200148502444e+00
1.447599327176060990e+00
1.447809784424501700e+00
1.447903957346699189e+00
1.447987413281978109e+00
1.448998212004555919e+00
1.449969933931247512e+00
1.450273311111029084e+00
1.450387699821372944e+00
1.450854696437215763e+00
1.450981520712258277e+00
1.451422391254749700e+00
1.451432758716810323e+00
1.452139566507636870e+00
1.453544081080869299e+00
1.453911674004680910e+00
1.454248262667835689e+00
1.454286649320109870e+00
1.455739569536808276e+00
1.455916587823515851e+00
1.456355313523787220e+00
1.457607770173574790e+00
1.457737462982276799e+00
1.458332088124759007e+00
1.459792896333188539e+00
1.460362579069651723e+00
1.460689197342981860e+00
1.460917092022795183e+00
1.461050890988735862e+00
1.461164881370305979e+00
1.462760633792540288e+00
1.463080277983053623e+00
1.465031776631294802e+00
1.465086682558273568e+00
1.465299841783709311e+00
1.466532912735009742e+00
1.467369621360808063e+00
1.467443486968944999e+00
1.467712098004167354e+00
1.468875588825709233e+00
1.469153344035795783e+00
1.469532858188434599e+00
1.470100743877883920e+00
1.470283142941001486e+00
1.471899223479708141e+00
1.472191148433893648e+00
1.472975652090488419e+00
1.473158630053776896e+00
1.473409292955803140e+00
1.474647567240379820e+00
1.477651386128107536e+00
1.479324609056605011e+00
1.480782098474468178e+00
1.480949779678254030e+00
1.481072790628206182e+00
1.481180395095927249e+00
1.481983773880828581e+00
1.482274698177836969e+00
1.482403502649977778e+00
1.482992942081289511e+00
1.483424584119768186e+00
1.483438017867266590e+00
1.485088073135067521e+00
1.485382557486142119e+00
1.485702462305403149e+00
1.486510104144922240e+00
1.487077447822244158e+00
1.487152923942953731e+00
1.487930460911708108e+00
1.489088201598856687e+00
1.489471586069091913e+00
1.490269832663727811e+00
1.490863243336118416e+00
1.491092058506970464e+00
1.491412233978220758e+00
1.491497142428239719e+00
1.491660930526015560e+00
1.491715270743063204e+00
1.491795088777832623e+00
1.491940241372941012e+00
1.493151156825049952e+00
1.493433064012454237e+00
1.493473303497313331e+00
1.493903747193038756e+00
1.494243239361432662e+00
1.495406778968885853e+00
1.495660384279119848e+00
1.495869236430133142e+00
1.495954561603479505e+00
1.496377176597600389e+00
1.496714194428400813e+00
1.496722281863078763e+00
1.497742652590362766e+00
1.499224329264083000e+00
1.499392865188350354e+00
1.500657870273156114e+00
1.500828579781072314e+00
1.501048129937490927e+00
1.501329169891362447e+00
1.501754825411599770e+00
1.502722481398250043e+00
1.502998876353276003e+00
1.503339579447565466e+00
1.503361154244161835e+00
1.503544281071880206e+00
1.504092311725350406e+00
1.504470899121235661e+00
1.506026236829628662e+00
1.507339559845825905e+00
1.507973597102605146e+00
1.508589580362458493e+00
1.509252460275244401e+00
1.509503247832649553e+00
1.509747858535318343e+00
1.510428342103042221e+00
1.510917484077973993e+00
1.511245754508224071e+00
1.511727169128458614e+00
1.512510967171796450e+00
1.512550926149985209e+00
1.513835376612495232e+00
1.513923212155011022e+00
1.515300217857050047e+00
1.516139633848609725e+00
1.516171532693204815e+00
1.516182348962396897e+00
1.516245154248958560e+00
1.516639777883372675e+00
1.517489300050367973e+00
1.518297688396283762e+00
1.519367782002325695e+00
1.519442954665580547e+00
1.519725374862817002e+00
1.521177405803908034e+00
1.522424772238094359e+00
1.522444019323206055e+00
1.524900161507578566e+00
1.526814930381459323e+00
1.527326413700285324e+00
1.527462754281908586e+00
1.528940697753751188e+00
1.529062701537037494e+00
1.529653532328997256e+00
1.530637548165834971e+00
1.531182607442231225e+00
1.531269453904051003e+00
1.532002913735957872e+00
1.532382100424227733e+00
1.532634658925334348e+00
1.532695914411665861e+00
1.533405690398446097e+00
1.533495068982374088e+00
1.535443646523022121e+00
1.536288872636368374e+00
1.536607064392895516e+00
1.536648052035688439e+00
1.536750972342048049e+00
1.537688264378767933e+00
1.539615764765143391e+00
1.540184368243008528e+00
1.541220808851489155e+00
1.541487004300762020e+00
1.542026046955394358e+00
1.542108721897812229e+00
1.543493820892752444e+00
1.543640481504075179e+00
1.543647834238319083e+00
1.547536125029383758e+00
1.548377817552878399e+00
1.548590725609878982e+00
1.548900859825016019e+00
1.552155900250567377e+00
1.553105749166230565e+00
1.553169121532794961e+00
1.553598883923095864e+00
1.554069186686709347e+00
1.555433149782854185e+00
1.555743584992120176e+00
1.556782606398251945e+00
1.556864632401588011e+00
1.556948059238268511e+00
1.557125979433321206e+00
1.557719630646621445e+00
1.558014423220463129e+00
1.558029748881979426e+00
1.558735616033156468e+00
1.558853444053504234e+00
1.558888653369026933e+00
1.559117811596674175e+00
1.559750767632128277e+00
1.560103049545229936e+00
1.560398037532038096e+00
1.560429082150814217e+00
1.560645259384932482e+00
1.563371053711005709e+00
1.563523274944605745e+00
1.563561115980692806e+00
1.563713530221247261e+00
1.565556441917804298e+00
1.566975787916362606e+00
1.567129935056499335e+00
1.567745234454026138e+00
1.568136257456049565e+00
1.568422832501620512e+00
1.568432411053005016e+00
1.568882962378868040e+00
1.569542254291556249e+00
1.570696432658043040e+00
1.570816291353364980e+00
1.571118323798645244e+00
1.573461109270958502e+00
1.573543519144225300e+00
1.574278890953369370e+00
1.575261779286505792e+00
1.577088649153106426e+00
1.577255843028976701e+00
1.577438681147153465e+00
1.577979421889319944e+00
1.578897768870067830e+00
1.579015324937740994e+00
1.581926899053525570e+00
1.582038114483205193e+00
1.582865180383376646e+00
1.583056308107267274e+00
1.583524485179502950e+00
1.585056215646037714e+00
1.585836275268297513e+00
1.587694218800011825e+00
1.588611297615449836e+00
1.589617907499882188e+00
1.590501924612987672e+00
1.593171041113397690e+00
1.593197254568119003e+00
1.593663564022774315e+00
1.594375925764487389e+00
1.594933878946444228e+00
1.596915032443675386e+00
1.598221026246842369e+00
1.600544001980892306e+00
1.600985370415201503e+00
1.601493676816755807e+00
1.601612604177375498e+00
1.601662427052903181e+00
1.601867618025703432e+00
1.602471287783708842e+00
1.603030843486910939e+00
1.604436523427911654e+00
1.604508627716992653e+00
1.607413542314817034e+00
1.609214801513785931e+00
1.610064119011843653e+00
1.610513111397504638e+00
1.610564819941745274e+00
1.611478942923489477e+00
1.611708636532396710e+00
1.612862161692172780e+00
1.613436607497391373e+00
1.614450282721887620e+00
1.617441222423914970e+00
1.618588991894696294e+00
1.618644092215532293e+00
1.619445700542419653e+00
1.619550966615445509e+00
1.620665671050065537e+00
1.623589339613402460e+00
1.623899598217171336e+00
1.623923301419774035e+00
1.624867712741805637e+00
1.625298408716728815e+00
1.625684834932999978e+00
1.626262382993724831e+00
1.627126276845519692e+00
1.627574151451301576e+00
1.629088336251071523e+00
1.629153571485790541e+00
1.629354636767648801e+00
1.631156499066785726e+00
1.632947600480191941e+00
1.633275359567516682e+00
1.635484203417918891e+00
1.635665309280036173e+00
1.637045648876784831e+00
1.637582671042459248e+00
1.637922522299889883e+00
1.639285786237980380e+00
1.639511588958943777e+00
1.639818545178362896e+00
1.640484909248840717e+00
1.640761801662471653e+00
1.641601917092247120e+00
1.641869209098517413e+00
1.644497411418436084e+00
1.644887089936616587e+00
1.645219316162741530e+00
1.645667458194211674e+00
1.646887192659542309e+00
1.647849246170016269e+00
1.648425870408275040e+00
1.648994904013513230e+00
1.649111043950935995e+00
1.649319943568170244e+00
1.650109633493411554e+00
1.650553103235868013e+00
1.650877480854766599e+00
1.651234192257143629e+00
1.651337645516101071e+00
1.653058440066773160e+00
1.654752041222380399e+00
1.654772880283709613e+00
1.655086047225242885e+00
1.655216451067967443e+00
1.657326568067465367e+00
1.657379382854160976e+00
1.657892919068971516e+00
1.658548710544105909e+00
1.660068706143846384e+00
1.660244993192577567e+00
1.665032664558591335e+00
1.665673800724939202e+00
1.668735564487213496e+00
1.669779235011497276e+00
1.670940270539602812e+00
1.672124450733251333e+00
1.672488786437070551e+00
1.674683326772818726e+00
1.675910243462251037e+00
1.676273321471519084e+00
1.677333242127471147e+00
1.678431817680957616e+00
1.680681456941142793e+00
1.680885223127541073e+00
1.681503534723003401e+00
1.682983594062609667e+00
1.683225941476657939e+00
1.685431692403567716e+00
1.685575588572363559e+00
1.685848891064416266e+00
1.686358319635811176e+00
1.686516039323587623e+00
1.686628017234479637e+00
1.687531147293310774e+00
1.687728558351385688e+00
1.688941068665316125e+00
1.689579258761348068e+00
1.693011927349964862e+00
1.693115865243927987e+00
1.693194539370479923e+00
1.694507922471509165e+00
1.695312013166307974e+00
1.696716639853906639e+00
1.696788147123120538e+00
1.698092827940640204e+00
1.700167876885691376e+00
1.700215907460536746e+00
1.701246077079899166e+00
1.701257227790884619e+00
1.701295773151629387e+00
1.702338059267073156e+00
1.703499648621245699e+00
1.703943388922299906e+00
1.704722957038083964e+00
1.706115218723553761e+00
1.706959983197700037e+00
1.707306796284826289e+00
1.709941976154271126e+00
1.710437010508260469e+00
1.712544184856237495e+00
1.712639992016925072e+00
1.713251028179695545e+00
1.713430019399611037e+00
1.715406173245160204e+00
1.715501272796413179e+00
1.715794119121228034e+00
1.716055029855400482e+00
1.716081926296399329e+00
1.716108596724347013e+00
1.716282825587509997e+00
1.716694715820696215e+00
1.717567832683792206e+00
1.719353588725416104e+00
1.720673182748715835e+00
1.720885501757495772e+00
1.721587691792596519e+00
1.723785507539840278e+00
1.724847676598758817e+00
1.725307453968338622e+00
1.725330072982675933e+00
1.726972980352171172e+00
1.728912450995255368e+00
1.732089250431703142e+00
1.732579925751745131e+00
1.736248216725059468e+00
1.739422657007087203e+00
1.739726309088003742e+00
1.740677460375301688e+00
1.740739049886411483e+00
1.741094299499932330e+00
1.741275562917798281e+00
1.742375391795960571e+00
1.743310384156737891e+00
1.744764784913740430e+00
1.745687714668088697e+00
1.745846128484046300e+00
1.746795003497816579e+00
1.747492915515015843e+00
1.749927717477574918e+00
1.749956265412697665e+00
1.751446193722659528e+00
1.751894328359712372e+00
1.752558882310353283e+00
1.752909067582683944e+00
1.754634246776728412e+00
1.758950866735760732e+00
1.759757086347568000e+00
1.760161688603679719e+00
1.760791105535871148e+00
1.761133306397242970e+00
1.761510082052964998e+00
1.763210438120057288e+00
1.764387536484392394e+00
1.766008737312475096e+00
1.769199604274941162e+00
1.769945361443925114e+00
1.770130486357657240e+00
1.770352565699622627e+00
1.771410623331253875e+00
1.771934362641528482e+00
1.772771350000475366e+00
1.772804747414324478e+00
1.773004642496335270e+00
1.773294047948090313e+00
1.773864471849575297e+00
1.774541666833170606e+00
1.774909859678489354e+00
1.776308263782714336e+00
1.776504348853976012e+00
1.777632002193078486e+00
1.778987499858737387e+00
1.780853949146327109e+00
1.782384461151393706e+00
1.782446456907966770e+00
1.783303579492120594e+00
1.783393122952290133e+00
1.784086454641314212e+00
1.786183672183410343e+00
1.786943175382628812e+00
1.787555602433338553e+00
1.788880511966936204e+00
1.790124380865322884e+00
1.791235273296822861e+00
1.791295009282962480e+00
1.792471062847901919e+00
1.792774036452782438e+00
1.793347038737302945e+00
1.793532816862581480e+00
1.795803779931829824e+00
1.797097978531586149e+00
1.797647095718450494e+00
1.800603690563585157e+00
1.800972588484318626e+00
1.802124177045410169e+00
1.802485258845473393e+00
1.803192328004878942e+00
1.804267069037340132e+00
1.804585235844850644e+00
1.804921311104715320e+00
1.805000553093148552e+00
1.805780980746545694e+00
1.805951733828893513e+00
1.807268620303453144e+00
1.808721524996830698e+00
1.810195250129704281e+00
1.811085909337495803e+00
1.812452155900668993e+00
1.813511345938493724e+00
1.814670182091485229e+00
1.816299789160096267e+00
1.819075428592396237e+00
1.819475787617143014e+00
1.819530440044908826e+00
1.821201999873538480e+00
1.821352643240865765e+00
1.822742115495096238e+00
1.823220974581893472e+00
1.823903780834911670e+00
1.824299655094120398e+00
1.824631242251075536e+00
1.824667953766072381e+00
1.826080491732662514e+00
1.826182259718201584e+00
1.827822745345461186e+00
1.828630365973896499e+00
1.828898212971878490e+00
1.829925593697725894e+00
1.830421927835546914e+00
1.830628586082281295e+00
1.832303226359272230e+00
1.833501998563090041e+00
1.834695745289464108e+00
1.838606959649929484e+00
1.840473574216098918e+00
1.840848679466359661e+00
1.842450150338915682e+00
1.843033165486982927e+00
1.844888106013943485e+00
1.845384499444504556e+00
1.846235131384732497e+00
1.847522260466815114e+00
1.848997503006613696e+00
1.849573151197568155e+00
1.851677546325793733e+00
1.853066413696345061e+00
1.853376222578198673e+00
1.853411288520071976e+00
1.853475449884644854e+00
1.854171324710389923e+00
1.855788134212946972e+00
1.856571742313594342e+00
1.857766690794377729e+00
1.858224538253118618e+00
1.858358812357959744e+00
1.858840639513458015e+00
1.859949501253216786e+00
1.861361793340068127e+00
1.862440248414296784e+00
1.862975533624835256e+00
1.863414067320886547e+00
1.863828374959688450e+00
1.864452482635245101e+00
1.864495037249240372e+00
1.864626451621366199e+00
1.864750767033583889e+00
1.865449586049050756e+00
1.867259546035192841e+00
1.867288954886709540e+00
1.869670063286435147e+00
1.870312934848740172e+00
1.871059710684922273e+00
1.874193268136549850e+00
1.874802482287176941e+00
1.875058762446999427e+00
1.875503131872540141e+00
1.876446772870728585e+00
1.878109271042780248e+00
1.879901586509354017e+00
1.880336665471916913e+00
1.880893563834854065e+00
1.882773295456675156e+00
1.882928199646683121e+00
1.883705347708461098e+00
1.884363882348677022e+00
1.885027073980722889e+00
1.885844496626832179e+00
1.885857682345470243e+00
1.886211089549487907e+00
1.886417532415170406e+00
1.886468868948493416e+00
1.888064955001657719e+00
1.888407376774714042e+00
1.892010027908079151e+00
1.892296850232819905e+00
1.893161753298340022e+00
1.893403477919012312e+00
1.894013928041601069e+00
1.895707262519698677e+00
1.898110955519094256e+00
1.898303990551120979e+00
1.903540701548962044e+00
1.904002897527933280e+00
1.904246215931788555e+00
1.904551279336911040e+00
1.904652795479380156e+00
1.904848562094563880e+00
1.906674657262621198e+00
1.907410244956157852e+00
1.907612623811416830e+00
1.908151865037566841e+00
1.909160836620113821e+00
1.911685187165864885e+00
1.911856176455986045e+00
1.915538916063384223e+00
1.915726492560119842e+00
1.916075007963616850e+00
1.916649915754664590e+00
1.920179387841212781e+00
1.921098018496179449e+00
1.922420439001790715e+00
1.922693178203565223e+00
1.924234897132075517e+00
1.926301433971395971e+00
1.929478806954202375e+00
1.929710229099244723e+00
1.930181057593357341e+00
1.930456612578969056e+00
1.930652443875462643e+00
1.932710471127172314e+00
1.933764563290998328e+00
1.934432600333772845e+00
1.935289440319331922e+00
1.936131967297118450e+00
1.936286411268884233e+00
1.938346628506712133e+00
1.938782684835714587e+00
1.939118078959949809e+00
1.939274129570463634e+00
1.939540894581416097e+00
1.943265586929437516e+00
1.943918834131895590e+00
1.946773592265935937e+00
1.947803034934438182e+00
1.949522845898503665e+00
1.950173860950197735e+00
1.951636658533725699e+00
1.952067462695340705e+00
1.952553583619718758e+00
1.952917764017168878e+00
1.956680623921054352e+00
1.956880623296870514e+00
1.957240922590529619e+00
1.957908538374340424e+00
1.959919698901241736e+00
1.960307121721041712e+00
1.963975979248093084e+00
1.968054146668128057e+00
1.968426504025979851e+00
1.968924970466225943e+00
1.969888077922609115e+00
1.971301481444085235e+00
1.972036686588834131e+00
1.975222573337588106e+00
1.975897407044407084e+00
1.976776861438888977e+00
1.976903270447957217e+00
1.978866765593976673e+00
1.979961701098704285e+00
1.980958490547184425e+00
1.981968517851481648e+00
1.982267282022010635e+00
1.982808614098113376e+00
1.983034714856176661e+00
1.984166847170805825e+00
1.988548758911800940e+00
1.989025325295248114e+00
1.990138063688756676e+00
1.991804147875303466e+00
1.995802379120409809e+00
1.997346407727078610e+00
1.998968637614091381e+00
2.000178054933684724e+00
2.003087002283334694e+00
2.003519260504891708e+00
2.004223734027726689e+00
2.008164690252731255e+00
2.009919142277851734e+00
2.011365295363298333e+00
2.011694160805139742e+00
2.012698561152798327e+00
2.012774113116437835e+00
2.014641112272728574e+00
2.016846008568190296e+00
2.018749196295382298e+00
2.019245958804431140e+00
2.020214008688751228e+00
2.024808786975243358e+00
2.026973739933670249e+00
2.027580309380649037e+00
2.029148031461892820e+00
2.029464842086492027e+00
2.029668359163024238e+00
2.029726265328056112e+00
2.030090763814385468e+00
2.030650451222908437e+00
2.032137491064362145e+00
2.032217398663942909e+00
2.032857375521121224e+00
2.033809903278659181e+00
2.036266348820294780e+00
2.038597041682517208e+00
2.039487345793705053e+00
2.039921668011968059e+00
2.041361476907568751e+00
2.042140736858233829e+00
2.042374462459341178e+00
2.043108138087817771e+00
2.044346695567888172e+00
2.045352297471084935e+00
2.046043312146965665e+00
2.046536434450750175e+00
2.047871507186540541e+00
2.048407634533920607e+00
2.052837463942056129e+00
2.053593881281498224e+00
2.055213974397507748e+00
2.056353788021040963e+00
2.056375715505839086e+00
2.057535736076131716e+00
2.057708967680614620e+00
2.061915371844618594e+00
2.063780228461523425e+00
2.065347786275174347e+00
2.068666830621461283e+00
2.069081584281328379e+00
2.070075256207486003e+00
2.070643447624890499e+00
2.075290458871134280e+00
2.075396448308080899e+00
2.075625624232626087e+00
2.077538058628082052e+00
2.077914283458798028e+00
2.079784648178039763e+00
2.081007270238869555e+00
2.081575229154684514e+00
2.083855465247626881e+00
2.087096944425535394e+00
2.087680261244524438e+00
2.089042204151390081e+00
2.091137758452386475e+00
2.091165770781001410e+00
2.091736227134182169e+00
2.096319333229844872e+00
2.096799012506646687e+00
2.097611116673109954e+00
2.098378788127841510e+00
2.099060761431228883e+00
2.099587420498516543e+00
2.100710026896254412e+00
2.104111346052135900e+00
2.106541094097800215e+00
2.107673867817668079e+00
2.110413861600751506e+00
2.112607703436556683e+00
2.113519299486255942e+00
2.116023942411108028e+00
2.119580651296348428e+00
2.120911925371577134e+00
2.122704290892416079e+00
2.122753896865840595e+00
2.125003310616051078e+00
2.125702411567944594e+00
2.128598291872098702e+00
2.129638945151713703e+00
2.129807113249529316e+00
2.130046934359554278e+00
2.130301056741548571e+00
2.136211890718823003e+00
2.137537038048097138e+00
2.138585184134730977e+00
2.140730984950385274e+00
2.144662756408080018e+00
2.146528701566934760e+00
2.147828794706633460e+00
2.151841390530215836e+00
2.156311527360577074e+00
2.159580400556701196e+00
2.160734311031346166e+00
2.164111075152661545e+00
2.165768805134642871e+00
2.166254722826145507e+00
2.166257793659297715e+00
2.166676493390302660e+00
2.167349286859914237e+00
2.171041180908363177e+00
2.172388941676125285e+00
2.173442386646125435e+00
2.175354762397888386e+00
2.177527781838197285e+00
2.179801328277672923e+00
2.181644968598040357e+00
2.182124624206881247e+00
2.183270482624485975e+00
2.184769898575591451e+00
2.187105935130325474e+00
2.187272860612165193e+00
2.187307828503344709e+00
2.188985665388492929e+00
2.189059469559095028e+00
2.189293524815236758e+00
2.189506048630386559e+00
2.189595423402616259e+00
2.190582236922342219e+00
2.191238708803150637e+00
2.192106960812317595e+00
2.196563673397145422e+00
2.196818310681540432e+00
2.200247894775788637e+00
2.201493584458150021e+00
2.204457356439408322e+00
2.206929990472418446e+00
2.207717420250586482e+00
2.209535479831834959e+00
2.209914773727060577e+00
2.210920523050279751e+00
2.212220916180971830e+00
2.212834034379569825e+00
2.214420736188442707e+00
2.215259082963090265e+00
2.222450211902378125e+00
2.223603666397098166e+00
2.225882482770854320e+00
2.226233248590437697e+00
2.229543555037901026e+00
2.229898388442537627e+00
2.231595675820073676e+00
2.233029506603696035e+00
2.237944435765105489e+00
2.240007061971060587e+00
2.241631174140462424e+00
2.242474746688536413e+00
2.244162193553075557e+00
2.246163920632999300e+00
2.247589535627947832e+00
2.249260449011479590e+00
2.251510461399011120e+00
2.253397378310749932e+00
2.253468420817691609e+00
2.256416552659340269e+00
2.256749658182321649e+00
2.257139750584619797e+00
2.258889492843369151e+00
2.262136502712989827e+00
2.263068366596214354e+00
2.264911787486542316e+00
2.266062628458672012e+00
2.266891685694757186e+00
2.267234572073445698e+00
2.268347445531995188e+00
2.273913913515675844e+00
2.274458917590327811e+00
2.275196501611948197e+00
2.275604881513912492e+00
2.279918865312344334e+00
2.280679455498939578e+00
2.281025329170279115e+00
2.281187692298775271e+00
2.281484447421655126e+00
2.286361364152329045e+00
2.287024017396474207e+00
2.287658783765615045e+00
2.292796880992175712e+00
2.296087467084280576e+00
2.299066990474697647e+00
2.300829858687395646e+00
2.304601062171150794e+00
2.304644766142005530e+00
2.305211269360584403e+00
2.307645070969500889e+00
2.307648812701660113e+00
2.311382873082349576e+00
2.311878981025492941e+00
2.314149883954054410e+00
2.315056891402845984e+00
2.317044216477475604e+00
2.318431149763931387e+00
2.320075307200076153e+00
2.320490884163333600e+00
2.322161751387294526e+00
2.324262486944165929e+00
2.326987342099644085e+00
2.328542999108676348e+00
2.330230840329488906e+00
2.330396336105761801e+00
2.331119575238979280e+00
2.332524623583453582e+00
2.334984489447548217e+00
2.336303072724830621e+00
2.336840742019779871e+00
2.338913900662284107e+00
2.339684570028520927e+00
2.340422356112840330e+00
2.342620164010152273e+00
2.344444497276101824e+00
2.346654837342851518e+00
2.348909929958600706e+00
2.348978375994983825e+00
2.352246984228397952e+00
2.353346472183885929e+00
2.354703932558723345e+00
2.356535655965506404e+00
2.359211963349258756e+00
2.359796330953601196e+00
2.361371167151187667e+00
2.365272125898451261e+00
2.365519149880939587e+00
2.367538357237378044e+00
2.369862251742514747e+00
2.373967316672021433e+00
2.377163533701151188e+00
2.377686177921025656e+00
2.384300549989107232e+00
2.386747116694082127e+00
2.390820615366023638e+00
2.392139138057447045e+00
2.392778863850683280e+00
2.400487946977188258e+00
2.401500929299575482e+00
2.407420993851249857e+00
2.421683696544704389e+00
2.423953631679443887e+00
2.427604045590858295e+00
2.430633544778696198e+00
2.432770781096586621e+00
2.436421060377500503e+00
2.444469555161858931e+00
2.453316459856789589e+00
2.458688883783715973e+00
2.462892440045214126e+00
2.463635581279751907e+00
2.464707493920235137e+00
2.464784364487524471e+00
2.474650033937831228e+00
2.476687984153189692e+00
2.485229549561757789e+00
2.492322168370934676e+00
2.492635107687933171e+00
2.500840852801767600e+00
2.502708215272756220e+00
2.510774498244995989e+00
2.510819146070094821e+00
2.512946636847837922e+00
2.512952707555333287e+00
2.519322815391001669e+00
2.520512488172261367e+00
2.524278630457748029e+00
2.525056549546541795e+00
2.525215283283535950e+00
2.534979856076069016e+00
2.535319955648023260e+00
2.542615166121782178e+00
2.545636231056670251e+00
2.553451018803342798e+00
2.554780985577005392e+00
2.558905612847966360e+00
2.562324173702724028e+00
2.566342867635010627e+00
2.567453382122510952e+00
2.571493559226991632e+00
2.575763943009404144e+00
2.576757589910060098e+00
2.587819142321669208e+00
2.588872341457297832e+00
2.590300573766776360e+00
2.592996580340966695e+00
2.597455249994229831e+00
2.599686277421958902e+00
2.604610916851270996e+00
2.605909066514025874e+00
2.608778761781492150e+00
2.613404726887772700e+00
2.614165754132379504e+00
2.634009780019425317e+00
2.636516030095688023e+00
2.641148614104464443e+00
2.651183439512607709e+00
2.654775380041189958e+00
2.670861834706587778e+00
2.673885799981751799e+00
2.683989952147753488e+00
2.712482514609259709e+00
2.715418375607771218e+00
2.722920021440492722e+00
2.727610825317338783e+00
2.730623428364090444e+00
2.746403688574226898e+00
2.749284130560061712e+00
2.751961489201326216e+00
2.753763554933192914e+00
2.761552975623451811e+00
2.762498017355331292e+00
2.765211414762284381e+00
2.768346174865939258e+00
2.770000328743069229e+00
2.773121884744811805e+00
2.774190216171803502e+00
2.775652067273073786e+00
2.777183876294785581e+00
2.778972006724155897e+00
2.781589824600202654e+00
2.783715771118759896e+00
2.785812384086355564e+00
2.787180296961371706e+00
2.796398982588496285e+00
2.798954684008819083e+00
2.807961354039687496e+00
2.809044735956243599e+00
2.828169507167524799e+00
2.829729139456222065e+00
2.830952915753408128e+00
2.833830785548792974e+00
2.841587315727349239e+00
2.843511031227734076e+00
2.855522644668015975e+00
2.859643215647831305e+00
2.871188723481561400e+00
2.871335906268145166e+00
2.873903485304697636e+00
2.876306472521076518e+00
2.885288337163496308e+00
2.888737179579506265e+00
2.892256310340793224e+00
2.892583845468279069e+00
2.903149061905216488e+00
2.907091727923371671e+00
2.908245842168977191e+00
2.913823398317973989e+00
2.916668854513554177e+00
2.916779749462085736e+00
2.919692044775796358e+00
2.928311842494334627e+00
2.933217172363035807e+00
2.935306550325645691e+00
2.936030681050986857e+00
2.937443192019261407e+00
2.948376466812181462e+00
2.949254297483911991e+00
2.956116585445371481e+00
2.959793677111149268e+00
2.962574809444562973e+00
2.964327708577052967e+00
2.972050489858394151e+00
2.975000811324859384e+00
2.976843197895110205e+00
2.980653611570568629e+00
2.980726589878205157e+00
3.012430083356128385e+00
3.018256040027059939e+00
3.026464758227601859e+00
3.028632347586962759e+00
3.031398700097355459e+00
3.046201754107673132e+00
3.050518422969390464e+00
3.078739118525854579e+00
3.101556593632602610e+00
3.101924255453092805e+00
3.115388797611619687e+00
3.119612629963844253e+00
3.129480079775267320e+00
3.130634468704168061e+00
3.135568898567810514e+00
3.136530445343378215e+00
3.137420157699627676e+00
3.150419315646164176e+00
3.162587630276933126e+00
3.197519378001039136e+00
3.198311374601229051e+00
3.212034676150468115e+00
3.217258226787096387e+00
3.217502782396449934e+00
3.218116189148739537e+00
3.226313241139351362e+00
3.232010722844298911e+00
3.239326780894371094e+00
3.245893629279172909e+00
3.250890490615720108e+00
3.266771129127709727e+00
3.277519940639642471e+00
3.296213707555819106e+00
3.339145936680145699e+00
3.340535100247060019e+00
3.343753401667131087e+00
3.371453946263716972e+00
3.398724821009956543e+00
3.399317588322599448e+00
3.411993633425729033e+00
3.432265618251051809e+00
3.459586480510438378e+00
3.469437429080238999e+00
3.471105004373239211e+00
3.472944512755334223e+00
3.492874886508931631e+00
3.525895450965859101e+00
3.526119762740304253e+00
3.566977697952126380e+00
3.576273614719384319e+00
3.589255461064673192e+00
3.595937358698409358e+00
3.608721802595345807e+00
3.625923349281868546e+00
3.654738348356195043e+00
3.660227047868528594e+00
3.676003449236481480e+00
3.677627428435447321e+00
3.688647530722433565e+00
3.725618622215285836e+00
3.741058645262081761e+00
3.790725925624814696e+00
3.829785218117784051e+00
3.846679769284859329e+00
3.855772207288834075e+00
3.856404468747594017e+00
3.860690613157484297e+00
3.874436254299643334e+00
3.880420434510254868e+00
3.923344493587989312e+00
4.001019128497130595e+00
4.022512728520613479e+00
4.053328881734166167e+00
4.158138210242015909e+00
4.160581324713566786e+00
4.313451266750253588e+00
4.400882893716779876e+00
4.441998603257966138e+00
4.458337687735610899e+00
4.468254949725470659e+00
4.540664399240573523e+00
4.609060588512255308e+00
4.692253187082713772e+00
4.756071450953500701e+00
5.791292559053664135e+00
