1.204022806230689024e+00
2.469763180847999617e+00
2.916366380664504376e+00
2.933968774196038964e+00
3.318949161035475104e+00
3.436891419894537059e+00
3.648809897191814144e+00
3.685380256667550647e+00
3.692083816335543833e+00
3.859979571881861915e+00
3.879566778921778702e+00
3.918203226026200081e+00
4.016659367421357096e+00
4.106814671244409354e+00
4.146309454071794853e+00
4.153937249280388322e+00
4.225069739617545395e+00
4.226565678479780708e+00
4.262971596101405858e+00
4.403282700219262047e+00
4.413985566113842296e+00
4.519622891947402188e+00
4.554660606615969165e+00
4.719963877950433151e+00
4.725695182971167974e+00
4.795828722988369819e+00
4.809037520682606370e+00
4.815342403710951125e+00
4.839965931056810611e+00
4.916865673344694265e+00
4.987253390900646011e+00
5.015727299001455641e+00
5.086308690871380378e+00
5.086625055410022966e+00
5.114129049771967139e+00
5.149722300375674244e+00
5.150028439581753048e+00
5.165284258924136118e+00
5.214994061640775058e+00
5.231420688006114261e+00
5.236308047158041212e+00
5.248528948970977659e+00
5.251418564043257575e+00
5.272447000354654634e+00
5.299349828303324017e+00
5.305869646264421036e+00
5.331620060003062100e+00
5.363499360254836645e+00
5.373885999667578517e+00
5.374113021084403918e+00
5.389245188078886528e+00
5.396859238234700484e+00
5.430840785790000069e+00
5.432706818063481435e+00
5.434720074906505438e+00
5.497080942850827157e+00
5.518467459896833738e+00
5.580248673761261990e+00
5.603962454623862222e+00
5.609073460337166139e+00
5.627339865305701849e+00
5.640591456584323815e+00
5.670939624582666205e+00
5.672798039147442850e+00
5.692288901941998880e+00
5.716656873574703646e+00
5.740244153035410690e+00
5.748030830660528778e+00
5.775380664884841586e+00
5.788291739534466629e+00
5.795134474096727217e+00
5.807885691586151644e+00
5.846145591521883844e+00
5.874036478376844173e+00
5.875347147093068934e+00
5.877100113000677695e+00
5.879636502848336832e+00
5.884077050546069110e+00
5.889988248554624661e+00
5.892181568499334610e+00
5.907372367346858333e+00
5.928732232186815665e+00
5.969797315662528803e+00
5.993820016033753362e+00
6.010417881212873681e+00
6.019432779480264450e+00
6.020516536439197708e+00
6.020921487899830282e+00
6.061116156501242358e+00
6.082662999221228439e+00
6.086153460237214929e+00
6.089886265858986292e+00
6.102681784495977091e+00
6.143493184900622239e+00
6.154805691166379766e+00
6.162315202423597427e+00
6.174167921043540730e+00
6.186508819511796986e+00
6.200236574664087286e+00
6.200917043927396399e+00
6.205756874907358167e+00
6.243064968590199548e+00
6.253403521073302329e+00
6.261777733327153150e+00
6.262470558362883466e+00
6.272956088483826242e+00
6.273685094715839128e+00
6.275786196217022272e+00
6.276319296612474119e+00
6.287841731826707026e+00
6.295314023602543330e+00
6.326288610838252779e+00
6.334847042027694108e+00
6.340588205746601425e+00
6.344076053936652748e+00
6.362059342975477705e+00
6.371836504826192460e+00
6.376200184081063149e+00
6.380133806985671008e+00
6.385296136439404080e+00
6.385798875025583854e+00
6.398189273351963635e+00
6.401510788941052965e+00
6.403739831572489827e+00
6.408437447985790847e+00
6.410904960275363607e+00
6.412092403898544291e+00
6.419129422377067407e+00
6.419256430774142430e+00
6.424875079149650503e+00
6.439189684815359804e+00
6.454813374046199925e+00
6.454876063488303117e+00
6.455586907176232181e+00
6.455792099339305423e+00
6.456068687176870213e+00
6.459781142961095846e+00
6.463348738546967454e+00
6.465347415157078004e+00
6.466610713918679920e+00
6.486496864706954746e+00
6.488724662244837127e+00
6.497879421591417071e+00
6.506911447446027452e+00
6.509008010441247549e+00
6.517815674627142286e+00
6.525515022019678035e+00
6.532057295423003396e+00
6.532911795228205420e+00
6.534184321647372506e+00
6.539340979651218078e+00
6.541723110334728197e+00
6.555620066318321726e+00
6.563160455524023718e+00
6.566332789137981685e+00
6.584118995669258290e+00
6.597260404893111385e+00
6.601063415022517589e+00
6.607732995103097196e+00
6.621680870723931633e+00
6.626626103360426789e+00
6.634484461974380132e+00
6.645568072747838784e+00
6.647139642777995405e+00
6.659343137889024433e+00
6.660720114153098947e+00
6.662114836789684524e+00
6.666387709673577078e+00
6.670945907996863156e+00
6.671979879923586765e+00
6.677682075554255192e+00
6.678571692351847666e+00
6.682054049954936126e+00
6.683665378082764619e+00
6.688977453024897102e+00
6.691300038508756209e+00
6.691336546315209688e+00
6.691658690870266213e+00
6.696044545134428816e+00
6.696914849187844965e+00
6.699452269424624795e+00
6.699851873164305083e+00
6.706452281440797414e+00
6.707493040371629078e+00
6.718517039149629611e+00
6.720256189560112503e+00
6.722680418631220789e+00
6.725041461055476510e+00
6.743999722868276869e+00
6.744039316729640632e+00
6.766216391551500564e+00
6.779848657031722681e+00
6.793758912922726267e+00
6.794056207149605342e+00
6.794795413453408983e+00
6.795124280290695040e+00
6.807376462456348420e+00
6.819108106056308571e+00
6.820460104647116495e+00
6.826002029224857992e+00
6.832639710214214013e+00
6.844079071010713555e+00
6.854232287318316352e+00
6.872786306276242208e+00
6.874029169279605611e+00
6.892048769636434535e+00
6.918437376559360530e+00
6.929880464047611710e+00
6.931826986892183129e+00
6.934498477370237168e+00
6.944357103849460700e+00
6.946287411589457506e+00
6.959615635845267434e+00
6.960219124425155002e+00
6.961416609812590472e+00
6.973563435258064658e+00
6.986669852907810174e+00
6.987683511217960941e+00
6.991491994370422347e+00
6.995157726525667030e+00
7.000924798788694225e+00
7.004753698897983938e+00
7.009581683166594246e+00
7.016928921624978166e+00
7.024006264225290508e+00
7.027401758465813941e+00
7.029079247159881305e+00
7.031694839359471594e+00
7.033302465021845862e+00
7.035580163030992651e+00
7.044076464210959898e+00
7.046829472740077982e+00
7.047566401669531189e+00
7.057748564708933081e+00
7.060107586642719646e+00
7.065412762381051870e+00
7.067995045413928423e+00
7.069229425306664538e+00
7.079724828916545754e+00
7.081652766578279135e+00
7.089153648977930544e+00
7.092748500291365943e+00
7.101303508083993243e+00
7.105791617616158184e+00
7.109399933095739144e+00
7.110029159642296648e+00
7.112638171830373501e+00
7.117351162585149993e+00
7.117943323773868514e+00
7.117973774163521838e+00
7.124970893101073344e+00
7.130049106589920527e+00
7.132310787033295796e+00
7.138687922435622113e+00
7.157273096017666703e+00
7.171813974356147980e+00
7.181274588695196748e+00
7.185649005697831271e+00
7.191285099874498599e+00
7.192800183279582704e+00
7.195607579219107208e+00
7.218385579502288429e+00
7.225311301793544416e+00
7.226347016722410643e+00
7.226946841089151086e+00
7.231606768312092370e+00
7.235311404042183980e+00
7.237049534621139202e+00
7.238834488711537674e+00
7.243216289403538788e+00
7.245678962398080181e+00
7.250552086658852424e+00
7.255471362083838471e+00
7.265186206169891747e+00
7.266288124223768463e+00
7.269379469555563134e+00
7.269780037018919394e+00
7.272337418197950321e+00
7.280010398052539244e+00
7.281848478251758294e+00
7.284523614111350298e+00
7.287856085413081608e+00
7.292167189423153673e+00
7.293139466194962672e+00
7.300270102638533487e+00
7.306237430075531059e+00
7.312924974163075298e+00
7.322194757745434934e+00
7.324120387154418488e+00
7.331418169103859128e+00
7.335328563509548871e+00
7.335399584268524009e+00
7.348599044505240485e+00
7.350178078145467531e+00
7.355043904918498576e+00
7.368859216613303786e+00
7.371096101117661448e+00
7.372580473256853395e+00
7.373447931276803757e+00
7.374063944939315718e+00
7.382497567616778333e+00
7.390192535823485009e+00
7.390387572633178692e+00
7.393787789119485865e+00
7.400350649861504593e+00
7.403323915585128034e+00
7.408993162110272479e+00
7.413431837721762285e+00
7.417438715951967687e+00
7.419861309770627855e+00
7.420838477248480558e+00
7.425272156830774684e+00
7.431894315451699207e+00
7.432160509426156914e+00
7.434469136698091951e+00
7.436669212193796952e+00
7.437898820913217968e+00
7.453131379552637270e+00
7.466907812005460165e+00
7.471937971550510760e+00
7.477982093779056427e+00
7.478882297668524082e+00
7.482574383057568390e+00
7.493504828881889068e+00
7.496844808229504054e+00
7.499846637977975128e+00
7.500030456521018962e+00
7.502295223474613195e+00
7.516342792514977056e+00
7.516936497756897317e+00
7.521014888049336378e+00
7.525633686684527035e+00
7.525926370775772867e+00
7.528826982810919333e+00
7.529277586454176330e+00
7.535935159483492463e+00
7.555823890341597959e+00
7.558902615755717314e+00
7.562917110506977458e+00
7.563890176574799895e+00
7.569345307056632777e+00
7.569500079074691357e+00
7.572704130734345007e+00
7.583331514504531690e+00
7.592007150499385126e+00
7.598678435567285838e+00
7.598986835269036177e+00
7.602457373151417563e+00
7.605549672341059164e+00
7.614195114806929787e+00
7.614833164967933499e+00
7.618004731130096019e+00
7.618623283248216360e+00
7.620720453160210184e+00
7.630802669379109560e+00
7.635495970371923846e+00
7.642505084062525711e+00
7.660311508918590029e+00
7.662901227675873450e+00
7.674581780155980582e+00
7.678413307708828128e+00
7.687879670088470618e+00
7.692798018091794532e+00
7.694794706115354543e+00
7.697911344251042287e+00
7.699378301734670416e+00
7.699757921469951860e+00
7.708910934505705193e+00
7.709526251682170539e+00
7.715556630932161042e+00
7.719393832358304230e+00
7.721882164095299927e+00
7.726263836855846279e+00
7.733133492471319315e+00
7.736860614661276614e+00
7.741596085663357663e+00
7.743210186302728282e+00
7.746710861812206694e+00
7.753941544956687082e+00
7.757047794958197073e+00
7.762571647243329487e+00
7.764101080068522620e+00
7.768744061177072169e+00
7.769961072270444191e+00
7.773672730490666538e+00
7.775431230565423846e+00
7.776079343204429506e+00
7.777986054979028729e+00
7.790645084850986279e+00
7.792326273216508170e+00
7.792641158912887001e+00
7.794756361552389379e+00
7.795056356003984277e+00
7.796410022151317065e+00
7.797174920151788591e+00
7.798307691676106934e+00
7.818604502313641014e+00
7.825729016582286590e+00
7.828944595946651930e+00
7.839212331065733785e+00
7.841968867142028898e+00
7.842926473715290392e+00
7.843123500231172329e+00
7.845662762355210873e+00
7.845768682192963084e+00
7.850913111364944186e+00
7.856504267204390324e+00
7.856987637109495104e+00
7.864089193651949472e+00
7.866045573677721059e+00
7.868495046664310877e+00
7.868908572815302982e+00
7.870711398723234886e+00
7.874640381786970345e+00
7.875900770114260041e+00
7.879244308120719964e+00
7.880679142225407219e+00
7.881057562469287348e+00
7.887084795868900322e+00
7.890181775435893385e+00
7.893305845512944785e+00
7.894303290334797829e+00
7.898534929930677073e+00
7.898784046755326749e+00
7.900002774932064042e+00
7.904546472128796353e+00
7.909472210626292465e+00
7.913552198067955068e+00
7.918052003402975991e+00
7.921461394286928304e+00
7.925392218942666211e+00
7.930619000655632078e+00
7.931271082048217735e+00
7.933302406366999016e+00
7.938575216789514499e+00
7.939157419557732354e+00
7.945185101736722544e+00
7.946244289272751615e+00
7.950581244464152597e+00
7.955399650841439296e+00
7.962756689865271298e+00
7.964345635420102099e+00
7.965060640647186219e+00
7.970418496940425257e+00
7.971339337650339196e+00
7.971734588795212240e+00
7.973326941089286635e+00
7.981045552262809650e+00
7.981943911549526760e+00
7.982255998248056095e+00
7.985670455488742547e+00
7.988565521626210142e+00
7.989890024380284395e+00
7.994081908862302299e+00
7.995410717927026845e+00
7.996442798079566039e+00
7.996706890181978444e+00
7.997966602824350346e+00
8.000060008246105525e+00
8.002593454690504871e+00
8.010479393754042832e+00
8.018472501711871203e+00
8.018566337885818740e+00
8.024039930855803249e+00
8.024379156199330509e+00
8.024710818949904123e+00
8.031832145508165155e+00
8.032324285879091974e+00
8.032439241601174729e+00
8.040814144341581482e+00
8.042226380571833033e+00
8.046359556864169704e+00
8.047777526009813442e+00
8.048389551396335051e+00
8.049910437273940289e+00
8.053507610474138545e+00
8.054504402349502712e+00
8.060015723971693191e+00
8.064113904662418619e+00
8.067068960765393371e+00
8.068576997300874964e+00
8.077728716849945201e+00
8.084034062126805864e+00
8.087173738345111218e+00
8.088418336932862829e+00
8.089025168418993772e+00
8.089308375809395102e+00
8.089485776924556504e+00
8.096922090660584104e+00
8.102758989382207844e+00
8.105739898065140281e+00
8.107101719176169397e+00
8.108175979811164780e+00
8.110443657889724989e+00
8.112674636283621510e+00
8.116796383960169337e+00
8.116968420670099604e+00
8.117759710529437456e+00
8.122114978414559872e+00
8.128217619457970500e+00
8.137910609530271344e+00
8.139694776753810146e+00
8.141636868831916729e+00
8.143569518228334303e+00
8.146868438653676492e+00
8.153121305505836247e+00
8.153324956198389373e+00
8.161125147338276875e+00
8.164092146457859300e+00
8.168448404215332914e+00
8.176130181149204645e+00
8.176638807136507481e+00
8.177231117069073463e+00
8.179918644061835664e+00
8.180875751650020788e+00
8.181845058786265668e+00
8.183569479348919984e+00
8.185169676225839908e+00
8.189494095610694302e+00
8.191485733802123193e+00
8.192316612230881034e+00
8.192341038892683613e+00
8.193924258962995921e+00
8.198925423305402305e+00
8.199329998615057846e+00
8.204759317814382058e+00
8.205120182902849280e+00
8.208360668492247214e+00
8.211723446714993102e+00
8.212174449701409529e+00
8.217815599746908006e+00
8.219182016438823624e+00
8.221813272126023975e+00
8.226470231606199945e+00
8.235161044805135333e+00
8.235164891406364873e+00
8.237249652221892759e+00
8.238393984790832292e+00
8.239514296561885942e+00
8.244353816110509214e+00
8.246912387809203437e+00
8.249067007062830470e+00
8.249894854853380366e+00
8.250962307112450489e+00
8.253389700638853910e+00
8.253735181069645321e+00
8.273789115287263130e+00
8.274090820113404021e+00
8.276581813156571599e+00
8.278920287035850478e+00
8.280916839045353584e+00
8.282537401189197013e+00
8.284400451144076527e+00
8.285451803027861217e+00
8.287606160851110459e+00
8.289938619154529675e+00
8.291986400453371431e+00
8.296358199552924972e+00
8.301165767282618901e+00
8.303410003412350804e+00
8.306082168509686170e+00
8.309223035032687221e+00
8.320711916189566182e+00
8.322969942066226423e+00
8.327273036946827744e+00
8.329402465044994486e+00
8.331689741472688482e+00
8.333780960831955298e+00
8.333917074053381668e+00
8.334268454475548538e+00
8.346764955412549369e+00
8.346801187123668697e+00
8.349685353936109777e+00
8.351004793370202961e+00
8.351140280208573685e+00
8.351672510012638995e+00
8.358749587532802394e+00
8.359887337302874144e+00
8.360125449482247006e+00
8.361831027837842711e+00
8.375196378302796063e+00
8.379517964773906868e+00
8.380086992094796017e+00
8.380091623129263922e+00
8.381547321729344802e+00
8.388205836799492943e+00
8.389492359998323323e+00
8.392424342954786454e+00
8.392685444265371331e+00
8.393939850942192749e+00
8.397329393880081483e+00
8.399565024767063903e+00
8.401112853584820073e+00
8.406800723442458434e+00
8.408848827492624523e+00
8.420827713217295951e+00
8.428532941182419691e+00
8.435571494920957036e+00
8.439138070918605905e+00
8.441034136897231477e+00
8.445802437578050714e+00
8.446609430527248108e+00
8.447438380644232581e+00
8.449116808866474315e+00
8.455273789643538151e+00
8.456465901904673288e+00
8.457141052392602276e+00
8.458366736893340843e+00
8.461795059422517085e+00
8.462317495028131020e+00
8.463666162630733680e+00
8.465224179349633005e+00
8.466079768206306255e+00
8.466567058576462301e+00
8.469171790347225226e+00
8.474731438079304624e+00
8.476069581405230480e+00
8.480224012178641857e+00
8.484713552587924923e+00
8.487606291902173083e+00
8.493656166358174886e+00
8.494146720221390723e+00
8.496239024605710455e+00
8.498651985906320760e+00
8.498821518192858804e+00
8.501447500663008583e+00
8.510398668710060122e+00
8.510689937222290169e+00
8.513807813337725960e+00
8.515646745832846420e+00
8.517861349092051171e+00
8.518137503907956543e+00
8.518346679068658389e+00
8.523394494013036393e+00
8.535532326417760274e+00
8.535605918800118985e+00
8.541353337640181564e+00
8.543303900381905791e+00
8.543598505279900834e+00
8.544735937562393246e+00
8.554805533230414483e+00
8.555217549853193049e+00
8.557137744469232032e+00
8.562972877019682016e+00
8.565446052989292625e+00
8.568983554885058140e+00
8.569753212596884495e+00
8.571624034245914459e+00
8.572141335696839448e+00
8.574583215565567684e+00
8.581467909435263053e+00
8.582553632931523069e+00
8.582571069987452006e+00
8.585103470625899291e+00
8.585392490670729515e+00
8.587884475092673497e+00
8.593277758773291808e+00
8.594584161099428243e+00
8.601239829582787877e+00
8.606186399499980766e+00
8.608697462294106373e+00
8.610223966280068808e+00
8.610759140779618903e+00
8.613969016121076905e+00
8.614011463862464524e+00
8.615119334180173283e+00
8.616435022380763087e+00
8.617990263653044991e+00
8.618128668323945973e+00
8.620187046804581144e+00
8.627080926346861744e+00
8.628048508078208556e+00
8.628304908434602183e+00
8.630045743799842128e+00
8.631238147184696174e+00
8.631304796472084817e+00
8.640360640756084010e+00
8.640776870559843559e+00
8.641279588556832536e+00
8.646713302535912860e+00
8.647515884102425332e+00
8.654865323943527144e+00
8.655647325015619842e+00
8.656710718756642109e+00
8.658917084180353996e+00
8.659391387226911263e+00
8.662266423342774857e+00
8.665219602171399416e+00
8.669701783389232475e+00
8.670569153642976090e+00
8.673401165447552685e+00
8.677848232414795859e+00
8.680031095550971187e+00
8.682357474629029070e+00
8.684197736407776702e+00
8.685223385390642648e+00
8.690474144367323461e+00
8.692825824035848470e+00
8.693697996969753206e+00
8.695122551149808032e+00
8.695233524407580461e+00
8.701754202562961282e+00
8.703551447948855824e+00
8.705302773450398490e+00
8.709542602802928357e+00
8.709761130410807795e+00
8.709926386550492339e+00
8.711121829249842463e+00
8.713131950097052325e+00
8.716500959205609078e+00
8.720695760022206144e+00
8.727127970869592133e+00
8.727510790685581554e+00
8.728188526732186148e+00
8.730704267230159132e+00
8.732557922957989049e+00
8.733402436621869214e+00
8.735873470572641963e+00
8.737807060214382915e+00
8.738913191226913568e+00
8.739999448013742622e+00
8.742033259037983228e+00
8.745379864046832097e+00
8.751664726644676762e+00
8.754000376324775345e+00
8.756904013618560967e+00
8.757168140764697739e+00
8.757674098329490064e+00
8.758228325532073200e+00
8.760745813767824686e+00
8.764961088935290690e+00
8.772132506211228531e+00
8.772397811458670702e+00
8.776406454329725548e+00
8.783114116180838593e+00
8.784495323463580974e+00
8.786708539009106644e+00
8.789513412105961265e+00
8.790404802499622861e+00
8.791537024862382310e+00
8.799061584820128346e+00
8.808888383579466463e+00
8.809407568654162191e+00
8.813455796550687893e+00
8.818157982877234957e+00
8.818727954984804995e+00
8.819230572663673939e+00
8.819368252220399995e+00
8.819379149466195500e+00
8.820714894212171586e+00
8.822011410999479608e+00
8.823918604104086683e+00
8.824534121045692459e+00
8.830355793970836586e+00
8.839913638114868633e+00
8.841028724891588197e+00
8.841752066958193268e+00
8.844014884817253730e+00
8.847749733197453281e+00
8.848345445056605030e+00
8.851567087529611300e+00
8.851707302814034506e+00
8.852464839700724397e+00
8.853650872461784616e+00
8.854391628530585479e+00
8.856958012551949366e+00
8.859970940393660399e+00
8.861160315132131871e+00
8.861874278859250609e+00
8.863207729971058768e+00
8.865245511047048055e+00
8.869198261298878450e+00
8.870803350028722889e+00
8.872019158641805348e+00
8.872232195990193304e+00
8.873598783911443633e+00
8.874077554121182487e+00
8.880055689944716946e+00
8.882261235296645907e+00
8.883550697159213527e+00
8.886307906526578648e+00
8.886425864380028017e+00
8.888456253599521517e+00
8.890538881411538696e+00
8.894097570991508661e+00
8.895165558451044063e+00
8.895177358118360189e+00
8.895561562748730111e+00
8.897668439345313374e+00
8.897972456864650326e+00
8.899144267268916053e+00
8.899686479725211541e+00
8.900031497129042179e+00
8.907111953026632278e+00
8.907527076394412546e+00
8.909260743410744254e+00
8.909342876153074187e+00
8.911330119243869419e+00
8.911656040960123093e+00
8.912005068158103782e+00
8.917802047323391434e+00
8.927301184293028768e+00
8.927935294730785287e+00
8.931069032390428930e+00
8.932214558173139807e+00
8.934116443883503678e+00
8.936891592354353264e+00
8.937142769882619575e+00
8.938065366362756947e+00
8.938868987635135710e+00
8.940748013529967508e+00
8.942039616222789533e+00
8.942430185562365352e+00
8.943258174210642508e+00
8.945016251615173886e+00
8.949545728147082713e+00
8.950239232647858145e+00
8.951081846836370204e+00
8.951464118294490291e+00
8.957387601068740324e+00
8.961504966799177296e+00
8.963061789163312199e+00
8.966829342436458461e+00
8.969283636106371915e+00
8.969971176910148003e+00
8.978913992742416639e+00
8.981901943244292141e+00
8.983404232068178175e+00
8.984108117575381414e+00
8.990191354986784233e+00
8.994907587646615355e+00
8.996072490981255498e+00
8.996752746114552224e+00
9.003591414559474870e+00
9.006692949469529808e+00
9.007564658169012972e+00
9.009289007591583243e+00
9.009631667834229418e+00
9.010111387324579724e+00
9.012456891887099530e+00
9.019605301418746279e+00
9.020645364118557552e+00
9.020865961138561318e+00
9.022563707412752265e+00
9.024693043902299650e+00
9.025037375251393712e+00
9.025397149064223967e+00
9.027465750234567210e+00
9.030540841087981718e+00
9.032568799492747047e+00
9.035048502793561198e+00
9.036000548973188273e+00
9.048867739958327050e+00
9.052636469520329854e+00
9.056199588225181785e+00
9.056241448274956696e+00
9.057368994140118090e+00
9.058856531881223972e+00
9.059613192403931592e+00
9.064038722669215176e+00
9.067494723234867493e+00
9.072343333390797682e+00
9.073493674535855646e+00
9.073573532585484713e+00
9.078358346028698733e+00
9.083488216601423915e+00
9.085007627319580337e+00
9.086401262272477908e+00
9.086943439283995616e+00
9.087058823554990283e+00
9.091444334921737536e+00
9.091590388758961083e+00
9.093544827516250706e+00
9.096134957458286152e+00
9.096226079983148693e+00
9.097008250827556708e+00
9.099201727855778188e+00
9.102476342599462811e+00
9.105845064150438262e+00
9.107035473407322002e+00
9.107262448674593003e+00
9.109174860053578016e+00
9.109618948192034438e+00
9.109955084105374468e+00
9.111611759554483214e+00
9.112320574442826171e+00
9.114946622205895466e+00
9.116663895153344299e+00
9.120087016971728744e+00
9.123464932293614993e+00
9.124354759340342014e+00
9.124397034525919992e+00
9.127605324263726061e+00
9.128777785935392686e+00
9.130160945382806759e+00
9.130297362419023344e+00
9.130690577430945254e+00
9.133447649932399770e+00
9.134367155443515074e+00
9.134393332537314336e+00
9.137845949155295244e+00
9.142180267744210553e+00
9.143764185877504502e+00
9.146005763810467926e+00
9.148446784838409229e+00
9.149034852850791211e+00
9.149540516863995165e+00
9.151166673036287946e+00
9.153196658679426889e+00
9.153232698439722981e+00
9.153325520912554580e+00
9.153583927765669870e+00
9.154940685961623359e+00
9.165550568467166315e+00
9.166266868441354632e+00
9.168204830202794753e+00
9.169334728867500672e+00
9.170722183834696395e+00
9.171031773384418884e+00
9.172541802324747806e+00
9.175446965778172981e+00
9.176747822693998913e+00
9.177995968736277987e+00
9.178823343611298924e+00
9.180905689837700834e+00
9.183268760618382487e+00
9.184984339240259033e+00
9.188380929474924130e+00
9.195772761679837259e+00
9.196738533415381056e+00
9.199691031747603276e+00
9.199986575967832536e+00
9.200759457764098315e+00
9.201781321532877200e+00
9.202156317124085660e+00
9.207122856282969892e+00
9.208381155605282586e+00
9.211589711855422635e+00
9.212587679859526091e+00
9.216514905051568007e+00
9.217144240603099448e+00
9.217780079404205296e+00
9.220158222794124114e+00
9.224604264502728412e+00
9.225093328238141765e+00
9.229349057620186869e+00
9.231079803897262792e+00
9.231249488844680329e+00
9.232232997090887849e+00
9.237205712875029562e+00
9.237953501310277815e+00
9.238314774432673460e+00
9.238578542112168890e+00
9.240401177609054884e+00
9.243708656273124546e+00
9.243736703531535426e+00
9.245712704221386247e+00
9.248349996348414592e+00
9.248449949501170053e+00
9.250979898889960751e+00
9.254298051233197597e+00
9.256808116319952262e+00
9.264720025710410312e+00
9.266056174651785327e+00
9.267542360743256324e+00
9.269157410634241145e+00
9.269241295974762096e+00
9.273517289245338802e+00
9.274039187074640367e+00
9.276390370496910620e+00
9.278566204167207232e+00
9.278621673916013890e+00
9.280212317387169563e+00
9.280451427580796775e+00
9.281534087703420255e+00
9.283767417278490086e+00
9.284669730053208170e+00
9.286011891272265117e+00
9.286642659962495827e+00
9.286986642414479576e+00
9.287390412741734380e+00
9.291423509444344475e+00
9.299296669891303324e+00
9.300872413267306626e+00
9.301972503546481974e+00
9.302330305643456754e+00
9.302661772140416119e+00
9.303014526874862966e+00
9.303362515743565098e+00
9.304198842914741974e+00
9.304766582722631796e+00
9.305469251845831735e+00
9.308580413353185534e+00
9.314288799806561769e+00
9.315596221362087093e+00
9.315664394534350023e+00
9.320792123983432376e+00
9.322286010908607423e+00
9.324012880082207744e+00
9.325219887126420915e+00
9.325864829955651913e+00
9.326095620969720557e+00
9.326186682205872103e+00
9.326981841198987766e+00
9.327286505785529869e+00
9.327903325497590714e+00
9.332081964251086603e+00
9.332889594185674653e+00
9.335004385338015354e+00
9.337503299029650705e+00
9.348677726565011170e+00
9.349188304037355124e+00
9.350063422802424640e+00
9.350591073529507469e+00
9.350745514966583016e+00
9.351316480487891880e+00
9.352678007360108126e+00
9.354710816295121134e+00
9.358230353009275859e+00
9.361175933385423420e+00
9.369055298710145863e+00
9.371572872227295292e+00
9.371777154593749160e+00
9.375501101379811075e+00
9.380745799189639911e+00
9.384861227413585638e+00
9.386273190357901086e+00
9.386636581314167671e+00
9.386836391877746877e+00
9.388536683748979428e+00
9.390444433953547332e+00
9.391320467402923811e+00
9.394616990148421110e+00
9.394767006092065387e+00
9.397005045577472515e+00
9.397475448230581563e+00
9.399133383275572129e+00
9.399631366750652361e+00
9.399765645534618130e+00
9.399797126491357346e+00
9.399863502391010428e+00
9.402089896694173277e+00
9.411523137697017205e+00
9.418194926111976173e+00
9.419135425425338326e+00
9.420595554565554863e+00
9.425987371200911014e+00
9.426418999130140364e+00
9.430174237793940151e+00
9.431623870598745185e+00
9.432178570799974793e+00
9.435371795559493791e+00
9.437270699061349077e+00
9.437343591514311569e+00
9.438580429657498883e+00
9.439006720854409949e+00
9.442293130165211323e+00
9.446292566506253152e+00
9.447404611060850499e+00
9.448780289465197768e+00
9.449203083730006725e+00
9.449239826844911150e+00
9.450527188082499919e+00
9.454832348225068017e+00
9.456739524770011229e+00
9.464236165193867123e+00
9.465483009069018294e+00
9.471846069433775384e+00
9.471884803014509302e+00
9.474572873542154383e+00
9.477463539763046896e+00
9.480318938663163664e+00
9.480618048767755823e+00
9.481164256886655650e+00
9.482666640676120196e+00
9.482668671886314016e+00
9.486059526345126613e+00
9.492639004734542141e+00
9.492703285475496244e+00
9.498933978075472240e+00
9.501350632056377421e+00
9.504962035598440551e+00
9.506340445173206533e+00
9.507686846971727945e+00
9.508166978655294699e+00
9.511536726151408772e+00
9.517301366599483003e+00
9.520196385079234602e+00
9.520976743169095258e+00
9.521485314171449943e+00
9.522225146933193329e+00
9.525854116394427251e+00
9.527218407563072589e+00
9.527477640317805196e+00
9.528485404225952138e+00
9.529473635106322504e+00
9.530548859723595001e+00
9.531189170378567610e+00
9.532688075217132351e+00
9.533683053503592575e+00
9.538313833719509915e+00
9.545926741445587282e+00
9.554196518918436354e+00
9.555891805482101375e+00
9.560355133454272902e+00
9.561279304499628040e+00
9.561833792868764448e+00
9.562563516449149148e+00
9.566103831088218712e+00
9.566228965624194558e+00
9.569161485193385275e+00
9.569578455433958908e+00
9.569947886050258035e+00
9.571096920515515194e+00
9.574814415495536579e+00
9.575078636937226051e+00
9.575608250176447456e+00
9.580972029949673896e+00
9.584984930170300288e+00
9.587635911859777593e+00
9.587940915251367713e+00
9.590866515618870380e+00
9.591286391395115629e+00
9.593044300363562371e+00
9.596657602808535970e+00
9.600293380049752301e+00
9.602692785647130691e+00
9.604936837096763824e+00
9.605030995348155187e+00
9.605072231787612935e+00
9.605946583961621599e+00
9.606951757502288913e+00
9.609394708270185603e+00
9.609413921673347403e+00
9.612204935369350167e+00
9.613200705400235080e+00
9.613691846959126153e+00
9.614681009789499910e+00
9.619983943182205621e+00
9.621288852076038012e+00
9.621734481232021352e+00
9.624623298783447467e+00
9.624825653067716758e+00
9.625928761070150941e+00
9.626925492518306982e+00
9.627525208995251660e+00
9.628745248577939009e+00
9.632524202529916479e+00
9.635739817450449607e+00
9.636143733697185354e+00
9.640046747458031362e+00
9.642487392463658935e+00
9.643272490099818128e+00
9.644703839385893929e+00
9.649654212273349074e+00
9.649962429332790137e+00
9.650322665520745247e+00
9.650727280718452761e+00
9.652915870578436142e+00
9.656414476074457909e+00
9.656731830793775728e+00
9.659038553977731922e+00
9.661022596174095867e+00
9.662647176213411626e+00
9.665747433397314126e+00
9.668579523611764870e+00
9.671153410169260667e+00
9.673662989749027830e+00
9.677086394900182853e+00
9.685366824296107069e+00
9.688534831662806823e+00
9.688830802184421387e+00
9.689260838431785317e+00
9.690453391833349528e+00
9.690746853245096659e+00
9.691088055513198185e+00
9.692486494825597987e+00
9.695136383727851026e+00
9.696947361717189295e+00
9.697404264036912025e+00
9.699631257636756487e+00
9.700238401456447335e+00
9.702052188421975032e+00
9.704161254687475591e+00
9.706461553237723194e+00
9.707082567483720226e+00
9.707243914537636797e+00
9.707387602867770582e+00
9.711545087210287974e+00
9.715280696212087008e+00
9.718325704215766692e+00
9.719829616286354224e+00
9.726570534181956162e+00
9.728757380485941297e+00
9.729059559923078027e+00
9.730552479014662026e+00
9.733172956174032109e+00
9.735770392503972914e+00
9.740257487336828390e+00
9.740938151701458381e+00
9.745828325543619997e+00
9.748672542827275578e+00
9.749570911963763464e+00
9.753984666703887640e+00
9.755743702280646801e+00
9.758101827393952377e+00
9.759695804048265089e+00
9.761048413951382230e+00
9.761888490562217413e+00
9.761995343195398078e+00
9.762082773166358862e+00
9.772439350190488483e+00
9.775385286777542149e+00
9.776733960264079926e+00
9.779050789727147475e+00
9.782063645205809621e+00
9.782293694865765943e+00
9.783156447837068725e+00
9.783875459434620225e+00
9.785480038008989467e+00
9.785892958998868352e+00
9.787571514210108958e+00
9.788654917751454576e+00
9.791350807022332958e+00
9.791803884096541566e+00
9.792332569161136036e+00
9.792700981425346285e+00
9.800468310865383614e+00
9.801367744084362954e+00
9.802926315665599688e+00
9.803956995876948355e+00
9.805503478453035271e+00
9.811722601664982335e+00
9.814223625637250592e+00
9.816324211363504304e+00
9.818319814114939703e+00
9.818797797705158814e+00
9.818883511529447716e+00
9.822035161883324150e+00
9.822916853946351168e+00
9.824155795498667132e+00
9.824477467470513758e+00
9.824699278006306713e+00
9.832824116612862042e+00
9.839484385518510123e+00
9.840587383007024513e+00
9.841855357242909719e+00
9.842106868440202661e+00
9.846137978879468733e+00
9.850491336661175268e+00
9.853682833294781673e+00
9.857881850897715736e+00
9.859969745221325965e+00
9.863101829936390175e+00
9.864543001170421377e+00
9.870089915892956256e+00
9.871119151445970630e+00
9.873313377501515831e+00
9.878888047181208165e+00
9.879791086547827561e+00
9.884519634630702711e+00
9.885726373150376389e+00
9.888181482211814810e+00
9.889534819845728464e+00
9.889867622868424135e+00
9.889951248966053043e+00
9.891625055714104775e+00
9.892297120338101379e+00
9.896402591658679526e+00
9.899401246529041742e+00
9.899728170529815685e+00
9.899814907537610509e+00
9.899855518193337645e+00
9.901025182484159970e+00
9.904133022666233188e+00
9.906384609099927019e+00
9.912652373151637164e+00
9.912654487455345276e+00
9.913593149165199847e+00
9.913688985739490533e+00
9.913923115347767379e+00
9.914032482088948939e+00
9.914608166090713937e+00
9.915794821395703451e+00
9.915853935406985897e+00
9.916319956533236279e+00
9.916485801624975949e+00
9.918519400272080233e+00
9.921834987318224108e+00
9.922627438995553106e+00
9.923049923529172034e+00
9.923879707243859372e+00
9.927273727659994051e+00
9.930232069047258747e+00
9.930561131140345665e+00
9.931062151832790619e+00
9.931200355128884993e+00
9.931399372044293017e+00
9.932553015011130526e+00
9.935883688553076354e+00
9.936010239467080396e+00
9.936016519281386294e+00
9.936184568572176801e+00
9.937262582719640136e+00
9.938662262613025433e+00
9.940839528068343256e+00
9.941735664689193896e+00
9.944794955744770348e+00
9.948709364960670598e+00
9.961316825411838494e+00
9.961559078130681755e+00
9.964086606638907995e+00
9.964699046687194084e+00
9.972063059942430030e+00
9.973551450420233166e+00
9.975350500965014078e+00
9.975580899999600959e+00
9.976184705150975773e+00
9.979434017766005027e+00
9.982627253080076812e+00
9.984006435414299219e+00
9.985414041787402439e+00
9.985448155735927145e+00
9.985846005580704343e+00
9.987664186317301684e+00
9.990150550696204945e+00
9.990952908168665658e+00
9.992044229497492935e+00
9.994644820037457578e+00
9.996368418182042248e+00
9.999953249222180318e+00
1.000037349007970811e+01
1.000065635848688572e+01
1.000562258989201325e+01
1.000639802576719539e+01
1.001379644912222844e+01
1.001583997323204223e+01
1.001744583446421544e+01
1.001947176384306815e+01
1.002576724737941127e+01
1.002833820735899906e+01
1.003035110585296330e+01
1.003389604528391388e+01
1.003458385495783389e+01
1.003510464852645789e+01
1.003577427314699833e+01
1.003653692307041467e+01
1.003709031965504295e+01
1.003818932151099474e+01
1.003871740408946778e+01
1.003874011727704207e+01
1.004165590978902145e+01
1.004200026272424751e+01
1.004571512968706060e+01
1.004795630798969164e+01
1.005285312268711451e+01
1.005629967591685059e+01
1.005783432848897263e+01
1.005917688167854074e+01
1.005964667998884288e+01
1.006152011590435613e+01
1.006278468306182106e+01
1.006670971167177164e+01
1.006782141527714636e+01
1.006951727505888883e+01
1.007057253376078521e+01
1.007168138028557713e+01
1.007357084333656339e+01
1.007465743706155337e+01
1.008069785996103995e+01
1.008405611022823578e+01
1.008560475476611984e+01
1.008940116890302896e+01
1.008949330026134561e+01
1.009009236810927135e+01
1.009159918064372263e+01
1.009333076263066253e+01
1.009698427608573112e+01
1.009795489960176518e+01
1.010006507593571889e+01
1.010166234151823161e+01
1.010169301091640115e+01
1.010214734749431464e+01
1.010328337924230624e+01
1.010628927452357750e+01
1.010829752957269179e+01
1.011361563667239061e+01
1.011483072199821365e+01
1.011730306257594236e+01
1.011867627457277585e+01
1.012507763644072867e+01
1.012659260001189665e+01
1.012676412624996480e+01
1.012837198806853678e+01
1.012914752848863920e+01
1.012970258133996992e+01
1.013403226609926300e+01
1.013624511520741045e+01
1.013636461094853303e+01
1.013789007545048193e+01
1.013843923491960730e+01
1.014344965036415935e+01
1.015036563004790082e+01
1.015091050580777221e+01
1.015100889900682724e+01
1.015291112212520552e+01
1.015439700712649440e+01
1.015476707694104519e+01
1.015479579806518728e+01
1.015510325777456657e+01
1.015656877164481386e+01
1.016099623228512172e+01
1.016117606361737913e+01
1.016305085584317069e+01
1.016833003688732973e+01
1.017387014759020758e+01
1.017555516744773847e+01
1.017932159078425336e+01
1.018383497649880631e+01
1.018394718209134275e+01
1.018535571678500240e+01
1.019020433438798179e+01
1.019110138060910131e+01
1.019235107601388179e+01
1.019240688991711963e+01
1.019250875241271181e+01
1.019256583183564224e+01
1.019275885313237140e+01
1.019330758661503822e+01
1.019895177984471424e+01
1.019910605317785546e+01
1.020108028251175369e+01
1.020228110169810343e+01
1.020335993049965140e+01
1.020357954272162004e+01
1.020418202130242236e+01
1.020483238239950374e+01
1.021016887504319293e+01
1.021019383606734898e+01
1.021406694145085403e+01
1.021589747458431674e+01
1.021861736980848789e+01
1.021958371452097936e+01
1.022301707896456691e+01
1.022452292635304083e+01
1.022717861144119489e+01
1.022836650330621566e+01
1.023079682341014518e+01
1.023108956997372943e+01
1.023164580154543302e+01
1.023219641292420867e+01
1.023273666201821364e+01
1.023440831978309795e+01
1.023832537529699138e+01
1.024213377040851469e+01
1.024675321594778410e+01
1.025334319957362794e+01
1.025673366490840799e+01
1.025738705253187533e+01
1.026270401379581365e+01
1.026726077518978109e+01
1.026880310630856741e+01
1.026944948630777432e+01
1.026968041478695781e+01
1.026980057890925124e+01
1.027066283733075025e+01
1.027449987258821373e+01
1.027521808165545636e+01
1.027607396726128819e+01
1.027782585999119647e+01
1.027973767407691419e+01
1.027992208457855661e+01
1.028025067717043051e+01
1.028212993424456378e+01
1.028460326519283186e+01
1.028947447682253724e+01
1.029132291436016722e+01
1.029494933727388251e+01
1.030140112495622873e+01
1.030661719432002421e+01
1.030669514023939826e+01
1.030719539958966280e+01
1.030907763497574514e+01
1.031064734307859787e+01
1.031115562053648560e+01
1.031312740289589591e+01
1.031638228937396207e+01
1.031791484900025146e+01
1.031871320251050150e+01
1.032009024867115521e+01
1.032275153823461089e+01
1.032678729474183399e+01
1.032797852169871433e+01
1.032902620996231668e+01
1.032925149455540392e+01
1.033296387787581416e+01
1.033315439312842621e+01
1.033800927701458150e+01
1.033837885106420273e+01
1.034000114470825871e+01
1.034059123625479337e+01
1.035164680101299517e+01
1.035176677066235840e+01
1.035232643886481796e+01
1.035534572228514705e+01
1.035552259845126954e+01
1.035933944306293775e+01
1.036060191225329241e+01
1.036472877215707378e+01
1.036508687685378050e+01
1.036543889435075982e+01
1.036761523493023418e+01
1.036822701512568834e+01
1.036934123775175998e+01
1.037093134189330534e+01
1.037136369006667636e+01
1.037167272393990380e+01
1.037577751518292146e+01
1.037802424358238795e+01
1.037893879277738485e+01
1.037966475452210879e+01
1.038071517036588709e+01
1.038180159877637365e+01
1.038220830493225399e+01
1.039075279587479983e+01
1.039170117266900562e+01
1.039205142769012369e+01
1.039378852730544622e+01
1.039635093577360614e+01
1.039929172821894099e+01
1.040039769777954071e+01
1.040240793232085181e+01
1.040438829493248640e+01
1.040767088992090805e+01
1.040798046403490140e+01
1.040833605671793549e+01
1.041098974621476536e+01
1.041345963009666775e+01
1.041559481126552811e+01
1.042114491163171053e+01
1.042405559310755692e+01
1.042609099870054123e+01
1.042676113874196631e+01
1.042858903447846863e+01
1.043079555849743301e+01
1.043146890866035825e+01
1.043412767993556578e+01
1.043738580580079756e+01
1.043767997731116459e+01
1.043968440607352299e+01
1.044160314800021538e+01
1.044381256450915885e+01
1.044451146367493877e+01
1.044543624972245865e+01
1.044613728599624913e+01
1.044664855410337267e+01
1.044976079171136440e+01
1.045036608050266480e+01
1.045217586995984860e+01
1.045371629546679770e+01
1.045495875877386283e+01
1.045675594771565642e+01
1.045701935038887598e+01
1.046120481944513791e+01
1.046146534040893883e+01
1.046153858067263442e+01
1.046581576598933161e+01
1.046588569271604641e+01
1.046821082758536114e+01
1.047075753205843540e+01
1.047162307497895206e+01
1.047457213859330594e+01
1.047493716739063174e+01
1.047663077876348048e+01
1.047764078349098327e+01
1.047890103925107930e+01
1.048236564740276755e+01
1.049262799841312166e+01
1.049379373503345292e+01
1.049495375534980113e+01
1.049695742959384859e+01
1.049956371653969001e+01
1.050220045096580890e+01
1.050368322631864260e+01
1.050394910744986987e+01
1.050450205808713022e+01
1.050563825618311142e+01
1.050951030491405369e+01
1.051177423163156632e+01
1.051294924833236522e+01
1.051921064493438251e+01
1.051950283166344136e+01
1.052299113538703423e+01
1.052450695182371554e+01
1.052454324372213534e+01
1.052929163857903561e+01
1.053012606580205812e+01
1.053212934156696257e+01
1.053486855961231150e+01
1.053525989299793686e+01
1.053526071556919419e+01
1.053733212735228442e+01
1.054758318414718410e+01
1.054977191593190256e+01
1.055356992292600182e+01
1.055359267447767024e+01
1.055411988587695049e+01
1.055503859625441621e+01
1.056117658766201295e+01
1.056306660040471002e+01
1.056327779134177369e+01
1.056732239564744802e+01
1.056910690142571596e+01
1.057430652240945257e+01
1.057512291302754903e+01
1.057779109496282643e+01
1.058268063329021835e+01
1.058562093642581203e+01
1.058586486266615623e+01
1.058601643006924142e+01
1.058618102536592964e+01
1.058762811855311625e+01
1.058949907428818982e+01
1.058979501651640476e+01
1.059042394445897628e+01
1.059059287621144030e+01
1.059205436159595415e+01
1.059210390322621365e+01
1.059314119485363648e+01
1.059454555380379759e+01
1.059516383422647934e+01
1.059533948011855209e+01
1.059606189227618422e+01
1.059629699814909642e+01
1.059681958322383011e+01
1.060262779854166482e+01
1.060522246416741510e+01
1.060623537099366764e+01
1.060712730487815847e+01
1.060715842539440601e+01
1.060904593564623788e+01
1.061010849751208518e+01
1.061074151529206766e+01
1.061107135634350662e+01
1.061130112933185821e+01
1.061259000550988141e+01
1.061752817815116323e+01
1.062383873030903914e+01
1.062387234112722467e+01
1.062504400590357001e+01
1.062585149969615550e+01
1.062618811730762047e+01
1.063354835180629188e+01
1.063478000551135594e+01
1.063496037101890224e+01
1.063636487861488078e+01
1.063861166183219709e+01
1.064316203619340939e+01
1.064466754851431496e+01
1.064592025289488575e+01
1.064771043546489970e+01
1.064787105262195688e+01
1.065096233272384652e+01
1.065417980122692754e+01
1.065420690815855487e+01
1.065513920050465480e+01
1.065535950311864255e+01
1.065851607456848349e+01
1.066098349315489635e+01
1.066807762504096502e+01
1.066932272220307176e+01
1.066998469479289824e+01
1.067126712200402672e+01
1.067286009347659181e+01
1.067604050363663859e+01
1.067686555034998008e+01
1.068173037622929122e+01
1.068192103296816775e+01
1.068276888636749611e+01
1.069354097490503364e+01
1.069567144896463162e+01
1.070013123769255614e+01
1.070088501312441132e+01
1.070714506452031145e+01
1.071315142273843968e+01
1.071922624422352399e+01
1.071945038939417749e+01
1.071963723486367037e+01
1.072275666519767512e+01
1.072336433754468032e+01
1.072624753745436088e+01
1.072672610565611073e+01
1.072926458803196503e+01
1.073118832834183323e+01
1.073381317909870880e+01
1.073577133771878245e+01
1.073583662107847481e+01
1.073901900393055264e+01
1.073972384302587280e+01
1.074271059963976072e+01
1.074410802956779420e+01
1.074569029771837059e+01
1.075258405103960158e+01
1.075334673443439470e+01
1.075368013943541534e+01
1.075514743222123215e+01
1.075589381366980923e+01
1.075701900111381804e+01
1.076364400553520007e+01
1.076491604503573107e+01
1.076553804973122652e+01
1.076573643830601412e+01
1.076666341764899926e+01
1.076684665594713763e+01
1.076962042012164389e+01
1.076962896576428896e+01
1.077037224224760159e+01
1.077979134225573610e+01
1.078008047571915640e+01
1.078158467117079233e+01
1.078181095323759564e+01
1.078184456863036189e+01
1.078335395545263609e+01
1.078464699359645351e+01
1.078622588683780137e+01
1.078805707996023244e+01
1.079064589692291953e+01
1.079469669686839595e+01
1.079552846283170275e+01
1.079739598293033076e+01
1.079983002566787320e+01
1.080464437729524718e+01
1.080910716756586076e+01
1.080942033719919948e+01
1.080942513143695294e+01
1.081124840804883647e+01
1.081509395226281001e+01
1.081522620898623011e+01
1.082453866069585580e+01
1.082587136332458400e+01
1.082649693786373568e+01
1.082762022855360406e+01
1.082784780257872015e+01
1.083205989504886979e+01
1.083321037023721267e+01
1.083380225610998870e+01
1.083723208539059968e+01
1.083807319732217955e+01
1.083964620737528151e+01
1.084100582819194258e+01
1.084186186870282143e+01
1.084286184771086958e+01
1.084338057673348388e+01
1.084344701055014148e+01
1.084705966041297032e+01
1.084768586084022779e+01
1.084892684794518658e+01
1.084951786717210709e+01
1.085023484588602471e+01
1.085142788003349423e+01
1.085153380041833593e+01
1.085507116376645342e+01
1.085587877038603999e+01
1.085629269266028096e+01
1.085755112848632109e+01
1.086066420013045963e+01
1.086329602219540647e+01
1.086498778557226785e+01
1.086649315499520796e+01
1.086728236220903021e+01
1.086749440184104465e+01
1.086934948451533067e+01
1.087766133821049763e+01
1.087811693811309333e+01
1.088110902518157808e+01
1.088574011902843353e+01
1.089007843717011959e+01
1.089014807448092803e+01
1.089113622147759308e+01
1.089141209187086368e+01
1.089166543456309633e+01
1.089213924153517432e+01
1.089245319398584755e+01
1.089300337761585169e+01
1.089395995727581834e+01
1.089568205241287124e+01
1.089609437772360856e+01
1.089628167157869321e+01
1.089679064574503009e+01
1.089822362252541765e+01
1.089954056285780304e+01
1.090099786922771052e+01
1.090850523454930965e+01
1.090871783797640582e+01
1.090943999293671141e+01
1.091108228229046873e+01
1.091111042913374973e+01
1.091179965716981926e+01
1.091230082320760530e+01
1.091308361346016476e+01
1.091448698012442797e+01
1.091467842001947020e+01
1.091629147450168524e+01
1.091861333920671129e+01
1.092254040406712079e+01
1.092296153809951065e+01
1.092548494195300179e+01
1.092644374582790689e+01
1.092655414302489980e+01
1.092912587059272056e+01
1.093080604171473524e+01
1.093172231721607091e+01
1.093221783891799781e+01
1.093533814550307781e+01
1.093568617071487203e+01
1.093610609342173490e+01
1.093778365894117854e+01
1.094197140796724455e+01
1.094495131524850784e+01
1.094541502570930902e+01
1.095096987753175455e+01
1.095649687442416820e+01
1.095757758885249800e+01
1.095766778935353791e+01
1.095894507174585897e+01
1.096196368693534851e+01
1.096283578050451446e+01
1.096313012447357949e+01
1.096578528372750760e+01
1.096970878983345266e+01
1.097280311514268902e+01
1.097393668734267536e+01
1.097408870394602332e+01
1.097673191289927175e+01
1.097783546346241046e+01
1.098055663008104865e+01
1.098161015748824454e+01
1.098423053936577176e+01
1.098439758591231374e+01
1.098573082616486474e+01
1.098621893711649022e+01
1.098758539825803737e+01
1.098809916637882722e+01
1.099015519333033453e+01
1.099262596462863151e+01
1.099314318378832489e+01
1.099481143490164037e+01
1.099567973526530729e+01
1.099602244687219965e+01
1.099751562995053611e+01
1.099839493628202014e+01
1.099996137198079538e+01
1.100044284525737481e+01
1.100192702947590284e+01
1.100198083386447756e+01
1.100244130137767939e+01
1.100271443323312148e+01
1.100754466427454226e+01
1.100761211651733795e+01
1.101042314232380015e+01
1.101104909235053597e+01
1.101395827598453891e+01
1.101497200019538170e+01
1.101497630154154983e+01
1.101527951550540152e+01
1.101621419322482254e+01
1.101764268510355294e+01
1.101905639372489887e+01
1.101926558611198637e+01
1.101994102955255350e+01
1.102091522367108922e+01
1.102210669419958222e+01
1.102354325026705339e+01
1.102449281659758284e+01
1.102537393712323599e+01
1.103015553976639573e+01
1.103035148990271885e+01
1.103080399523005539e+01
1.103114132006680137e+01
1.103265300344794575e+01
1.103662126207279393e+01
1.104331344005313120e+01
1.104555702631215652e+01
1.104722451424359697e+01
1.104839524446028243e+01
1.104856365805969176e+01
1.105189069456253392e+01
1.105509838208785389e+01
1.105827068579059258e+01
1.105998149048747337e+01
1.106060108138900588e+01
1.106084971931681160e+01
1.106143824936821396e+01
1.106500244080440432e+01
1.106575629609609557e+01
1.106593748788855613e+01
1.106688976581126482e+01
1.107006251415360865e+01
1.107080470403510830e+01
1.107194502113682333e+01
1.107239350414845269e+01
1.107350915938306812e+01
1.107488943734706410e+01
1.107641889729202234e+01
1.107739696594953571e+01
1.107745593542559526e+01
1.107829433986898771e+01
1.108157999673544758e+01
1.108201044112059641e+01
1.108238217519562596e+01
1.108424374111494970e+01
1.108489095460870288e+01
1.108655929488883629e+01
1.108844332691155010e+01
1.109247292935619100e+01
1.109521821477932946e+01
1.109546094913111958e+01
1.109599582229827242e+01
1.109618118360224770e+01
1.109853665442977544e+01
1.110045141159967308e+01
1.110083815946440744e+01
1.110143508276665969e+01
1.110371153970237046e+01
1.110562533781028982e+01
1.110785032760248114e+01
1.111775290136412586e+01
1.111834266068607668e+01
1.112253944162733355e+01
1.112360819051430738e+01
1.112436506593284236e+01
1.112703474047591001e+01
1.112830321927301824e+01
1.112959910941087749e+01
1.113025383164766779e+01
1.113439729222909591e+01
1.113484271449454965e+01
1.113649260061687229e+01
1.113878980660371454e+01
1.114435291100522463e+01
1.114439929174716681e+01
1.114760706156389602e+01
1.115425165303662780e+01
1.116584339555410388e+01
1.116607303497690928e+01
1.116614997920912167e+01
1.116790767866025291e+01
1.117059206922043302e+01
1.117528577934641021e+01
1.117819502704011114e+01
1.117907830344894826e+01
1.118327339437970736e+01
1.118370243680664800e+01
1.118633819682265873e+01
1.119003230111829339e+01
1.119553210686723865e+01
1.120070989399343020e+01
1.120091322100664044e+01
1.120605810803215263e+01
1.120644687981513954e+01
1.120866640956439397e+01
1.121041350309747742e+01
1.121175874862156974e+01
1.121343870643748097e+01
1.121552908795878345e+01
1.121915782214964175e+01
1.122020028662637259e+01
1.122102850133309637e+01
1.122299490976574177e+01
1.122408228560154342e+01
1.122595874000206706e+01
1.122712590715373082e+01
1.122783203860559631e+01
1.123027816747200802e+01
1.123131317247053040e+01
1.123233261218027401e+01
1.123315418307812408e+01
1.123587295294078992e+01
1.123613915770803828e+01
1.123632037060429312e+01
1.124023252024884378e+01
1.124038466924484503e+01
1.124064384086664070e+01
1.124094581521442748e+01
1.124671288844929506e+01
1.124907127461567669e+01
1.124915495346175831e+01
1.124955635025200351e+01
1.124982898595232328e+01
1.125312505946039821e+01
1.125426089390807860e+01
1.125660641099350379e+01
1.125818155313185720e+01
1.125904517659833814e+01
1.125958067570808296e+01
1.126014607436260917e+01
1.126138279243838269e+01
1.126386477543557518e+01
1.126474155164519964e+01
1.126555162667082044e+01
1.126727491931090341e+01
1.126908251685120277e+01
1.127028887542158841e+01
1.127044729172565241e+01
1.127393516301832932e+01
1.127536744479078124e+01
1.127554603598909821e+01
1.127585368883035066e+01
1.127731867258505005e+01
1.127827232365021892e+01
1.127911230568967937e+01
1.128109989163661808e+01
1.128347811115796340e+01
1.128520031523996536e+01
1.129065098528097266e+01
1.129171975121992233e+01
1.129488414516200834e+01
1.130266821510944375e+01
1.130288751801322178e+01
1.130373127052533988e+01
1.130510658304854488e+01
1.130668700147100481e+01
1.130679609073795611e+01
1.131046717779224586e+01
1.131085663984502787e+01
1.131308100958085205e+01
1.131341639948260358e+01
1.131471757742922790e+01
1.131631323024916469e+01
1.131929868168189657e+01
1.131989485178879740e+01
1.132410309277693372e+01
1.132488745014953047e+01
1.132635735915992115e+01
1.133500409337384696e+01
1.133539198068875997e+01
1.133611319257155614e+01
1.134275081263194984e+01
1.134285271077391144e+01
1.134374359149011724e+01
1.134504533591621467e+01
1.134934074407827431e+01
1.135075866544315915e+01
1.135096689436055328e+01
1.135222204188217709e+01
1.135294736481500877e+01
1.135419128004524758e+01
1.135480049006922343e+01
1.135523420615095347e+01
1.135822042762200113e+01
1.136290474362777836e+01
1.136331515337703912e+01
1.136913803115283983e+01
1.137285608189525377e+01
1.137443524738996281e+01
1.138090160540687812e+01
1.138200857956575973e+01
1.138617823809173402e+01
1.138761076897560365e+01
1.139209923278279035e+01
1.139552566174608117e+01
1.139710415290438483e+01
1.139813332820245684e+01
1.139919961916592328e+01
1.140033074003410185e+01
1.140216614599549771e+01
1.140313339608239751e+01
1.140453411761949454e+01
1.140763351893748911e+01
1.140868519019119631e+01
1.141372957405197930e+01
1.141650966248373678e+01
1.141684847643501222e+01
1.142223068663723673e+01
1.142434822991614851e+01
1.142483592697190176e+01
1.142507141825279859e+01
1.142928390304706809e+01
1.142958790414055237e+01
1.143084379056057287e+01
1.143166701541795405e+01
1.143183479666233282e+01
1.143185847870272376e+01
1.143778874217464825e+01
1.143795294584688271e+01
1.143945884586337947e+01
1.144104312434739157e+01
1.144755497126502064e+01
1.144847888269801572e+01
1.144965061004345586e+01
1.144972816512806446e+01
1.145091279873598111e+01
1.146441423270055004e+01
1.146489687485838971e+01
1.146927663667704245e+01
1.146930952816385485e+01
1.147440508051980146e+01
1.147553723835548389e+01
1.147585030197489608e+01
1.147642065214455442e+01
1.147709160303765508e+01
1.147759077108127812e+01
1.148376350079508157e+01
1.149517458721372876e+01
1.149622815421635202e+01
1.149731623850754048e+01
1.150690217482170219e+01
1.150855624148010392e+01
1.151119067825648834e+01
1.151313048242291970e+01
1.151539798616816945e+01
1.151542976427129261e+01
1.151691668964009629e+01
1.151757232827076294e+01
1.151857419404800531e+01
1.152012629412946332e+01
1.152077707773760906e+01
1.152524138512165663e+01
1.152571550652042376e+01
1.152664185358712423e+01
1.152844313275451782e+01
1.152898169022740582e+01
1.152928660245354919e+01
1.152997682615557729e+01
1.153151147847324509e+01
1.153433157232867323e+01
1.153550294714757207e+01
1.153580500024163769e+01
1.153597390708732284e+01
1.153618016038953265e+01
1.154335367824804237e+01
1.154530148074673868e+01
1.154721993913885036e+01
1.154963564100002671e+01
1.155354932611683338e+01
1.155595775284777460e+01
1.155719280661847925e+01
1.155959857872425367e+01
1.156019796880051409e+01
1.156102010692969451e+01
1.156105460858127287e+01
1.156665926043246984e+01
1.156878279563735390e+01
1.156907149030057624e+01
1.157329173024134228e+01
1.157435402850055972e+01
1.157635448586167293e+01
1.157705002607789346e+01
1.157726101872214564e+01
1.158253167361166724e+01
1.158495703226152784e+01
1.158619612364721974e+01
1.158979088495228282e+01
1.159628645800821900e+01
1.159858006529710828e+01
1.160006848476434804e+01
1.160722708581834439e+01
1.160841546598253160e+01
1.160880033790058796e+01
1.160963884607619256e+01
1.161101373400541448e+01
1.161176321138509770e+01
1.162283002716242564e+01
1.162333992553425510e+01
1.162409703997917454e+01
1.162609005390675243e+01
1.162757308102835019e+01
1.162847319510568944e+01
1.162986771495472382e+01
1.163215685763822016e+01
1.163230189713690699e+01
1.163459521033369271e+01
1.163470862883074020e+01
1.163602557406787241e+01
1.163774789781994556e+01
1.163931939521319769e+01
1.164566372693115071e+01
1.165061915869128484e+01
1.165156590482355448e+01
1.165483640460112014e+01
1.165636777497819487e+01
1.165668507891154526e+01
1.165807036665179908e+01
1.165937919605403472e+01
1.165940904296423497e+01
1.166246785054081592e+01
1.166399598081275713e+01
1.166555101245976189e+01
1.166566391187180329e+01
1.167124583386447156e+01
1.167576229008225575e+01
1.167620607872093430e+01
1.167802330696880908e+01
1.168021110771719684e+01
1.168043562262547397e+01
1.168123649027801036e+01
1.168203889726672529e+01
1.168250458086664345e+01
1.168697661356658912e+01
1.168858380240085992e+01
1.168862118829073182e+01
1.168934216219716760e+01
1.169365227667972285e+01
1.169746839614804124e+01
1.169764935114639570e+01
1.170093755009854242e+01
1.170353277733660491e+01
1.170472718957406677e+01
1.170569867575910905e+01
1.170653806883100145e+01
1.171038424286432544e+01
1.171421798766557920e+01
1.171587340528582466e+01
1.171650664885034665e+01
1.171914808122460805e+01
1.171929924961644787e+01
1.172258060475209618e+01
1.172262220337117355e+01
1.172457054380599217e+01
1.172763305546909152e+01
1.172925652408009967e+01
1.172983860443199156e+01
1.173003987306252149e+01
1.173064619717866108e+01
1.173143503374216223e+01
1.173190128019460055e+01
1.173449940157742333e+01
1.173604900734880729e+01
1.173633231491576012e+01
1.173649514370034908e+01
1.174021891548305874e+01
1.174373911501513135e+01
1.174601408129851698e+01
1.175163630649659297e+01
1.175771986698575233e+01
1.176014922395414253e+01
1.177031955388789086e+01
1.177229503907263464e+01
1.177334746675575694e+01
1.177364181954396827e+01
1.177459530810198451e+01
1.177814900267645193e+01
1.177853616874902265e+01
1.177894300200612143e+01
1.178393531889661539e+01
1.179258559300227382e+01
1.179413909310541442e+01
1.179448904595781578e+01
1.179485107661008669e+01
1.179492426747186329e+01
1.179666789860483256e+01
1.179706036010717973e+01
1.179891219150457182e+01
1.179984381045809982e+01
1.180158263067138513e+01
1.180188126209343658e+01
1.180370829464053628e+01
1.180499919733227188e+01
1.180712638747945675e+01
1.180823860942677506e+01
1.181028225052364533e+01
1.181180194036811315e+01
1.181258976546156347e+01
1.181263359386998957e+01
1.181675717815011595e+01
1.181815832921739684e+01
1.182548153008690051e+01
1.182589960204054336e+01
1.182950078209199951e+01
1.183207466850045719e+01
1.183264288268460795e+01
1.183271153254417740e+01
1.183406474191290059e+01
1.183490000237539519e+01
1.183847990102072067e+01
1.184214769632256647e+01
1.184284423415575205e+01
1.184309118252161142e+01
1.184327066251503346e+01
1.184591687510228653e+01
1.184911789250221048e+01
1.185573124845036475e+01
1.185599430597008386e+01
1.185867181426444184e+01
1.186329901068924997e+01
1.186484632258506622e+01
1.186528741311237667e+01
1.186674883507057032e+01
1.186736324243329932e+01
1.186797029597104292e+01
1.187280717259269380e+01
1.187598698543137488e+01
1.188080470336859129e+01
1.188429964489812640e+01
1.188713077823485875e+01
1.188875541320636131e+01
1.188917784194998895e+01
1.189946226630487658e+01
1.190016093674518949e+01
1.190438488418109308e+01
1.190530153533321212e+01
1.190663694908444370e+01
1.190752335768828374e+01
1.191196926508657405e+01
1.191353260857020224e+01
1.191415850931327647e+01
1.191631547980948547e+01
1.191760529596538909e+01
1.191768191559080314e+01
1.192540739557101048e+01
1.193207541931762172e+01
1.193432262908543606e+01
1.193566901330277474e+01
1.193668973328060012e+01
1.194281573435255872e+01
1.194490048312088959e+01
1.194825701741038415e+01
1.194898732074651448e+01
1.195239070489194688e+01
1.195294562165219077e+01
1.195629156815361860e+01
1.196041209520716464e+01
1.196386253270683575e+01
1.196414739582894171e+01
1.196587671486078719e+01
1.196804966904624123e+01
1.196810865319451800e+01
1.197052260512606736e+01
1.197160380834040438e+01
1.197181578982117500e+01
1.197284758315535491e+01
1.197922374744399221e+01
1.198043135962950601e+01
1.198076469607029715e+01
1.198446154176364331e+01
1.198480520242008751e+01
1.198736358875009955e+01
1.198796504004738495e+01
1.199319637749286471e+01
1.199445839857922280e+01
1.199484812863149763e+01
1.199525204380225318e+01
1.199548178737440374e+01
1.199584607478556642e+01
1.199683866537317378e+01
1.199909611746658378e+01
1.200016671178804728e+01
1.200150891367829153e+01
1.200434849510429913e+01
1.201217563040143688e+01
1.201493678931897513e+01
1.201644310502302204e+01
1.201777251308389971e+01
1.202045831487465044e+01
1.202562198962175799e+01
1.202672279395304855e+01
1.202778394233813408e+01
1.202823692801062450e+01
1.203131862019201215e+01
1.203235999536312661e+01
1.203542158102628790e+01
1.203616961789605888e+01
1.203716578149222372e+01
1.203909635874471107e+01
1.203940190552974521e+01
1.204417439019974445e+01
1.204443116506926614e+01
1.204477255427703142e+01
1.205011232017867684e+01
1.205445023577895824e+01
1.205705444661404435e+01
1.206054625408835257e+01
1.206808413267356528e+01
1.206894085844547426e+01
1.207275499315167622e+01
1.207333459336043902e+01
1.207465437608293968e+01
1.207523928395688984e+01
1.207664613449981594e+01
1.207675187794135852e+01
1.207704328794759618e+01
1.207740000374059619e+01
1.207867853259336499e+01
1.207919506907923690e+01
1.208229119891277215e+01
1.208240513752078904e+01
1.208292556088049352e+01
1.208595767483853933e+01
1.208624666553195048e+01
1.208752267661643032e+01
1.209243103019322518e+01
1.209504423460466782e+01
1.209635515627010172e+01
1.209880417129757291e+01
1.210044402054770707e+01
1.210192045776942038e+01
1.210211869623519121e+01
1.210691243670237327e+01
1.210900773370906691e+01
1.211091840570073330e+01
1.211173722630147154e+01
1.211389413612984178e+01
1.211483337282267314e+01
1.211694991244250552e+01
1.211882063707166246e+01
1.212462609998731722e+01
1.212497213170383326e+01
1.212507441012910192e+01
1.212712884844889594e+01
1.213358169695707467e+01
1.213532280104181105e+01
1.213561339359083036e+01
1.213813320185981404e+01
1.214712126246798540e+01
1.215207890820880010e+01
1.216275679891635519e+01
1.216433616688722275e+01
1.216579506138046796e+01
1.217015097085461761e+01
1.217787569552202420e+01
1.217796073785173405e+01
1.218283216237397504e+01
1.218330522239420333e+01
1.218592122076967676e+01
1.219167671386460050e+01
1.219495272752000581e+01
1.219664345144863482e+01
1.219775928214099636e+01
1.220463913359422037e+01
1.220755695035940391e+01
1.221368267325224899e+01
1.221679311476530394e+01
1.221887665388593547e+01
1.222044603299192644e+01
1.222318331615694476e+01
1.222551569412573613e+01
1.222633848527993194e+01
1.222977739628439409e+01
1.223340550572200769e+01
1.223478865062794441e+01
1.223679576787554879e+01
1.223750271798617106e+01
1.223828221985278297e+01
1.223989647352611598e+01
1.224465560911027318e+01
1.224558482310247776e+01
1.225178205689759103e+01
1.225774596304349018e+01
1.225999842025196607e+01
1.226619071826657503e+01
1.226725146030005931e+01
1.226738094478579910e+01
1.226870296351907896e+01
1.227068105559953182e+01
1.228019686481019335e+01
1.228283957624638845e+01
1.228303112840281841e+01
1.228328704074775857e+01
1.228446374262702001e+01
1.228458304804372325e+01
1.229437507802031249e+01
1.229516539716904333e+01
1.229663036201247905e+01
1.229711002920151763e+01
1.230653147073268983e+01
1.230987260192197574e+01
1.231149430056608018e+01
1.231159816547961405e+01
1.231424627949729178e+01
1.231641672217748251e+01
1.232098258368517918e+01
1.232178120370560137e+01
1.232477931645999902e+01
1.233351758895936889e+01
1.233563458367277832e+01
1.233720503840295102e+01
1.234728782476153874e+01
1.234774114824890923e+01
1.235078288549493841e+01
1.235533875395433867e+01
1.235630736156397802e+01
1.235772957610702782e+01
1.236096760899830116e+01
1.236140072307318327e+01
1.236379115382648131e+01
1.236943251358797546e+01
1.236986570042647138e+01
1.237986205096329861e+01
1.238358996374812016e+01
1.239219489488928261e+01
1.239300888134983936e+01
1.240415236946947175e+01
1.241548390007135438e+01
1.241568565807855506e+01
1.241810007377671354e+01
1.241886537758508346e+01
1.241990538071399364e+01
1.242474717504817150e+01
1.243025628614938860e+01
1.243028671789952355e+01
1.243208027953634165e+01
1.243266101080681452e+01
1.243481343221605329e+01
1.243680140538541679e+01
1.243739592262346960e+01
1.244197702538198769e+01
1.244708136903520312e+01
1.244927982330277771e+01
1.245469417502507525e+01
1.245495458280118406e+01
1.245675689340762560e+01
1.245946348585079910e+01
1.245978682391904968e+01
1.246246638476961444e+01
1.246334347673355936e+01
1.246574884979227527e+01
1.246688677977537019e+01
1.246909515775108268e+01
1.246921408423534672e+01
1.247182260168344214e+01
1.247219611545116180e+01
1.247329705680374623e+01
1.247874182784293140e+01
1.248045067313226930e+01
1.248422823347193855e+01
1.248424909721108733e+01
1.248863687360702990e+01
1.249010318539220954e+01
1.249048077796641643e+01
1.249391789198512015e+01
1.249639168143695400e+01
1.249706627561201877e+01
1.249804942925209872e+01
1.250295133359719202e+01
1.250415252168894931e+01
1.250492366402206557e+01
1.251369351627383963e+01
1.251782103720893247e+01
1.252108620658607840e+01
1.252208443858569886e+01
1.252916422333794344e+01
1.253066752928231331e+01
1.253246918338952121e+01
1.253559573759018164e+01
1.253812040887094170e+01
1.254029962703295098e+01
1.254373324168253490e+01
1.254459251632336958e+01
1.254649269695783254e+01
1.254685882340870506e+01
1.255166826947311876e+01
1.255370609749052768e+01
1.256427412928923104e+01
1.256521892051977574e+01
1.256632157109981840e+01
1.256640031630916177e+01
1.256948376712106885e+01
1.258062929010086251e+01
1.258652869589363199e+01
1.260010043858084217e+01
1.260577704910113184e+01
1.260811773280094883e+01
1.261101982966783197e+01
1.261104355303880631e+01
1.261143841892264028e+01
1.261161634152716005e+01
1.261235333489858057e+01
1.261394496146607658e+01
1.261732291114032911e+01
1.261883118233257051e+01
1.261982430989197290e+01
1.262216147863775717e+01
1.262387188303605612e+01
1.262720136217419764e+01
1.263767051494442129e+01
1.263888304132972706e+01
1.264210552915332819e+01
1.264327419779431949e+01
1.264408535252595556e+01
1.264606446801601258e+01
1.265104315470484053e+01
1.265227970887412035e+01
1.265498718404148626e+01
1.265510452424576293e+01
1.265747783369348767e+01
1.266249866466899476e+01
1.266678912660302281e+01
1.267330989553987486e+01
1.267404921262312101e+01
1.268215193317459111e+01
1.269143335968510655e+01
1.269507165545624972e+01
1.269681967754178942e+01
1.269734977478102422e+01
1.269920007540854456e+01
1.270109949702275998e+01
1.270210709073982613e+01
1.270727643736685408e+01
1.271200288505949594e+01
1.271460578775635852e+01
1.272803860507115381e+01
1.273074980449986526e+01
1.273471247577871068e+01
1.273875501959289025e+01
1.273890969766775072e+01
1.274625680593979382e+01
1.275108292918981689e+01
1.275618884087537808e+01
1.275805138793024618e+01
1.275808681329359828e+01
1.275984460833220702e+01
1.277045036447091952e+01
1.277889196925067239e+01
1.277941676265854376e+01
1.278105459605743732e+01
1.278559596808927346e+01
1.278862656229910399e+01
1.279293557537073767e+01
1.279597508140878404e+01
1.280802865072531027e+01
1.281508091189965093e+01
1.281802975490678875e+01
1.281836389227154704e+01
1.281988046558870487e+01
1.282044033899285118e+01
1.282044159154527030e+01
1.282292190807482513e+01
1.282297119625921766e+01
1.282317275055650185e+01
1.282352129655781070e+01
1.283450348250602246e+01
1.284142356227179071e+01
1.285042458425100875e+01
1.285068240845069454e+01
1.285666390511777202e+01
1.286014961186972094e+01
1.286294634545848936e+01
1.287336855084037168e+01
1.287623348107865695e+01
1.287866856605466737e+01
1.287875149016781684e+01
1.288512835901453002e+01
1.288554776201007002e+01
1.288643525588249261e+01
1.288809562270784070e+01
1.290186165984974132e+01
1.290828709646435257e+01
1.291060316066495872e+01
1.291284481416755447e+01
1.291314024470168142e+01
1.291451447869007652e+01
1.293081302519675901e+01
1.293365162130437263e+01
1.293437104491583156e+01
1.293522955509577699e+01
1.293807622638431987e+01
1.293837937237651303e+01
1.294024920847565419e+01
1.294434123369887857e+01
1.295528604827582164e+01
1.295901934080784912e+01
1.296319340969482781e+01
1.296592701186783714e+01
1.297014745122385726e+01
1.297324557448927251e+01
1.297390423151354888e+01
1.297445318667722169e+01
1.297820569353612363e+01
1.297823037270302038e+01
1.298767234279358185e+01
1.299318728634431963e+01
1.299428458936734465e+01
1.299447614825461983e+01
1.299960633173822622e+01
1.300274469702406144e+01
1.300650394274438071e+01
1.300728175037472312e+01
1.301633360779258908e+01
1.302129621389584813e+01
1.302747163668969854e+01
1.303015604596244614e+01
1.303114757497418097e+01
1.303527635039005617e+01
1.303571244112139027e+01
1.303968003823582933e+01
1.304096174102876482e+01
1.304484147981422026e+01
1.304827737481331518e+01
1.305284545759270998e+01
1.306028859850103530e+01
1.306237097898226196e+01
1.307453853727022164e+01
1.307503673581863524e+01
1.307599953302245055e+01
1.308024903440118791e+01
1.308109041911357195e+01
1.308280219265186162e+01
1.309083306196392549e+01
1.309392805200765686e+01
1.313269944056738403e+01
1.314155565294026573e+01
1.314672479718488773e+01
1.314720110575803247e+01
1.314720907575792808e+01
1.315487305229429538e+01
1.315616870818391604e+01
1.316362106856927205e+01
1.316606982363120437e+01
1.317149195456887512e+01
1.317560451970707014e+01
1.317573757762621334e+01
1.318086503314768976e+01
1.318226168451439051e+01
1.318333090336912150e+01
1.319476074276078315e+01
1.319969056801971341e+01
1.320026378380471854e+01
1.320047325745585454e+01
1.320279007396749194e+01
1.321087057573622658e+01
1.321490544528786337e+01
1.322479299091689597e+01
1.322565965028062784e+01
1.323182874207904902e+01
1.324042946475697491e+01
1.324154427727998495e+01
1.324352760045139910e+01
1.324527759117877324e+01
1.325168717749303937e+01
1.325216407082635861e+01
1.325554291830097675e+01
1.325680248197445898e+01
1.326011771546327012e+01
1.326487038987913714e+01
1.326630567713387876e+01
1.327219428370819365e+01
1.327800704379110641e+01
1.327839445975437549e+01
1.327954076886377521e+01
1.328014893476372116e+01
1.329089566131431077e+01
1.329677434552306359e+01
1.332342382264356218e+01
1.332708108832727589e+01
1.332752751687627146e+01
1.332834320729862654e+01
1.332921567968663012e+01
1.333091000167508611e+01
1.333840706864284087e+01
1.334462626291754006e+01
1.334518538269960786e+01
1.336450357668857336e+01
1.336508065189989303e+01
1.336966988633679421e+01
1.338478920437170316e+01
1.338838315156504066e+01
1.339236680908467036e+01
1.339519040559465601e+01
1.340590396404051887e+01
1.341602910804311755e+01
1.341680868596839815e+01
1.342008793231306463e+01
1.342090530637388568e+01
1.342151545824792613e+01
1.342744044719565366e+01
1.343131806827936003e+01
1.343296631554674470e+01
1.343436508143326868e+01
1.343556884883107116e+01
1.343752060669438109e+01
1.345162762048808425e+01
1.345637432712763548e+01
1.345742457147577653e+01
1.347565353497896723e+01
1.348493355743040745e+01
1.349191354737642001e+01
1.349222335512985005e+01
1.349503150974264365e+01
1.349568657661321325e+01
1.351301299532934586e+01
1.352235779103041047e+01
1.353064424336619709e+01
1.353674674073465312e+01
1.356802414751654950e+01
1.358129922646668852e+01
1.358720406810927273e+01
1.359841551593965292e+01
1.360657160189794901e+01
1.361198886115072071e+01
1.361764013341258028e+01
1.363994496474416707e+01
1.364092373329335395e+01
1.364455977490291438e+01
1.364579191345885967e+01
1.366131531689230982e+01
1.366309996113219682e+01
1.366411589991876951e+01
1.366587955512078523e+01
1.366722922161891418e+01
1.367214270272810417e+01
1.367993017110634568e+01
1.368491787237292456e+01
1.368798178299661572e+01
1.368985397604444998e+01
1.369390938148645809e+01
1.369431739257137792e+01
1.370405644972250236e+01
1.370532369555446550e+01
1.370788399629129017e+01
1.371391448087443621e+01
1.371742974486920374e+01
1.374049223304350242e+01
1.374678661735740448e+01
1.375128916336180751e+01
1.375149931400303771e+01
1.376747493918231591e+01
1.376753494543122436e+01
1.376917973374152204e+01
1.377726276059685517e+01
1.378888822870013975e+01
1.379367377056123267e+01
1.380561779026301039e+01
1.380791843478822400e+01
1.381512052809208058e+01
1.381570239907963327e+01
1.381657868051310700e+01
1.381882287162660461e+01
1.382481724895348663e+01
1.384040156396838306e+01
1.385502301160540384e+01
1.387116835392000525e+01
1.387402562063834921e+01
1.388073950249812505e+01
1.388429838948416162e+01
1.388652002417966358e+01
1.389573264506077521e+01
1.389866349970374770e+01
1.390173735978079073e+01
1.390403878901241086e+01
1.391416917121528485e+01
1.391690772247472907e+01
1.392036839538244308e+01
1.393119729960489117e+01
1.393427715122274257e+01
1.393774460653889236e+01
1.395405440103670536e+01
1.396036107251851810e+01
1.397409379371419291e+01
1.398467051723481447e+01
1.398774829986600565e+01
1.398805835699100442e+01
1.400410044347679062e+01
1.400591764450836685e+01
1.401316240969822857e+01
1.401874672197574334e+01
1.402301967608716637e+01
1.403145278768073823e+01
1.404466184942627471e+01
1.405348845819867165e+01
1.407347587962781610e+01
1.407406340026353675e+01
1.407835510627474562e+01
1.409754130043440234e+01
1.410268751205096294e+01
1.411920711556624219e+01
1.412004279694191666e+01
1.412813239850728486e+01
1.413951959313420303e+01
1.415079383393998036e+01
1.415372237395116173e+01
1.415455531132747424e+01
1.415516363062929983e+01
1.415544562735994205e+01
1.416675900591732606e+01
1.419335067630008496e+01
1.419877641830317749e+01
1.421174064667418335e+01
1.421397531043063900e+01
1.422982445446146471e+01
1.426014024021784543e+01
1.426271168540379364e+01
1.429844305780995128e+01
1.430170111923124132e+01
1.430820025178784682e+01
1.431179905700202326e+01
1.432949986160373612e+01
1.433038724580703516e+01
1.433863238727681733e+01
1.434337376646892181e+01
1.435182895318980911e+01
1.435425760106777027e+01
1.436027926322806536e+01
1.436852977000166121e+01
1.438908752475307651e+01
1.439594337004700364e+01
1.440507796718867262e+01
1.441125556993506507e+01
1.442499265756855920e+01
1.443706313348532078e+01
1.444678117502279946e+01
1.445538371743491624e+01
1.448205214243663796e+01
1.448419274067352447e+01
1.450194597757873183e+01
1.451603507742057175e+01
1.452784752013241309e+01
1.453359669234010809e+01
1.453449439453654612e+01
1.454568112795019452e+01
1.454595734933256246e+01
1.455261494863861493e+01
1.457087007037383053e+01
1.457090179161164833e+01
1.457521241870899686e+01
1.458992193090519152e+01
1.461400758681228851e+01
1.464630321177686412e+01
1.464818686419040716e+01
1.468791410625018123e+01
1.471223311726578231e+01
1.471458100211057030e+01
1.471953990825799607e+01
1.473473805958764338e+01
1.475189811748198210e+01
1.475247177468981263e+01
1.477074496306628149e+01
1.477413835042758450e+01
1.479202564691514077e+01
1.479608467139288308e+01
1.480329354825809318e+01
1.481230530039066018e+01
1.484091676971946683e+01
1.484444835600677948e+01
1.487181856899053756e+01
1.489112182072664581e+01
1.489214976296273107e+01
1.489365327468446587e+01
1.490136317771763963e+01
1.490792536083286102e+01
1.491083291043946701e+01
1.491459773576081815e+01
1.494609995780822409e+01
1.496100118997805417e+01
1.497100142058176964e+01
1.497911600602022375e+01
1.501189272323983914e+01
1.501801120850079485e+01
1.502195997804158623e+01
1.502679384266437346e+01
1.503732475207515407e+01
1.505715145102385399e+01
1.506346145889252242e+01
1.507856528241399019e+01
1.510461785813533808e+01
1.511310776141507084e+01
1.514532537805685131e+01
1.518723332410255900e+01
1.519981309316523621e+01
1.522940448836432026e+01
1.524759361861225138e+01
1.527319396793214068e+01
1.528568990538458294e+01
1.529267802657738073e+01
1.530012542055379043e+01
1.532562662030134248e+01
1.533151783888944308e+01
1.533842831479113400e+01
1.537968883256018593e+01
1.539104088561078676e+01
1.539397229348199048e+01
1.540132045858021748e+01
1.541663289655563851e+01
1.542015454189377976e+01
1.549201721224607908e+01
1.554039222493529948e+01
1.560064618362148892e+01
1.561222805856601070e+01
1.564528419269888282e+01
1.564670490962769378e+01
1.574201603383436954e+01
1.577037959157578584e+01
1.583203128245493829e+01
1.593658048379447756e+01
1.594031214412618347e+01
1.624957358433929144e+01
1.628752724862827250e+01
1.644314715528116011e+01
1.646379158976064971e+01
1.660911516319864134e+01
1.663238492453648831e+01
1.678090992535939918e+01
1.685623889941422249e+01
1.700033597987835421e+01
1.701663899597661000e+01
1.707472241566454940e+01
1.722120039904188715e+01
1.722565395899365015e+01
1.725799845958098899e+01
1.751226448504337441e+01
1.878320411787205657e+01
