3.075613406112486459e+00
3.840008560927972603e+00
3.865456854311826618e+00
3.956181312244150483e+00
3.973112919253289910e+00
3.990791670315003259e+00
4.403745183986356615e+00
4.511899788406048550e+00
4.513168809340223575e+00
4.518931109869058105e+00
4.534846574010730436e+00
4.605225129378627713e+00
4.607958965944429330e+00
4.621981883358905918e+00
4.634264773557807970e+00
4.723135840460891188e+00
4.727402497638091283e+00
4.727435615252530532e+00
4.763003385397617251e+00
4.850607147193485069e+00
4.855075322958654738e+00
4.870598771339792243e+00
4.920685501237990422e+00
4.932290204980357196e+00
4.938035205311322784e+00
4.945200790803125024e+00
5.008704531466560361e+00
5.065857867777404877e+00
5.071769997862126900e+00
5.106632464222558454e+00
5.115278587886566086e+00
5.151126785997357516e+00
5.158046066676988062e+00
5.183008073961303808e+00
5.201489883004525971e+00
5.205390336644501126e+00
5.213982733664803249e+00
5.225230581024564280e+00
5.233728976782257902e+00
5.257849477310225339e+00
5.320034927167815120e+00
5.357434919453924138e+00
5.388088648336760045e+00
5.392960019893188850e+00
5.393688170926393077e+00
5.406660919736439475e+00
5.409156708367707900e+00
5.420993712480689730e+00
5.424333715827003743e+00
5.429142798334606113e+00
5.441602186488578852e+00
5.464884277930675438e+00
5.523887120596464584e+00
5.530720464318673812e+00
5.536727463497200574e+00
5.539175896488156781e+00
5.580189962357067657e+00
5.598448450233401097e+00
5.626498775537869257e+00
5.676729420287201400e+00
5.720228223483370122e+00
5.720455483771568872e+00
5.720597709553086219e+00
5.734623189943154564e+00
5.738570692497765080e+00
5.752390602475407455e+00
5.761496083673412372e+00
5.766636328926654897e+00
5.767066357476874572e+00
5.767874622975714516e+00
5.796727456546165058e+00
5.799284224455188763e+00
5.810957222705344094e+00
5.843037468897106734e+00
5.863832483593310663e+00
5.887780674619317978e+00
5.894160101075931024e+00
5.896611941095962095e+00
5.900829044244410682e+00
5.906264663349272581e+00
5.922665532419769896e+00
5.945603858180384726e+00
5.955262139617174100e+00
5.966889459838876419e+00
5.976897157218763468e+00
5.996014848789696039e+00
6.005046566386172735e+00
6.011453090469901284e+00
6.035496425167448109e+00
6.042078829827647546e+00
6.052873345559083518e+00
6.059437080787152929e+00
6.062964400216849015e+00
6.076422349072890583e+00
6.084556592718075585e+00
6.095567519937886480e+00
6.113986597261554579e+00
6.115236076728068682e+00
6.121520590882884250e+00
6.126533514511368850e+00
6.138311755382863666e+00
6.157473802596221013e+00
6.181717485330017858e+00
6.182706764661642929e+00
6.215280126307133557e+00
6.216437412382403771e+00
6.230983020911828874e+00
6.238041870585626647e+00
6.238506295051495343e+00
6.238736397205316919e+00
6.249302097392909872e+00
6.252040260597128807e+00
6.256251316375432303e+00
6.256719594131566531e+00
6.257897863207142919e+00
6.263202579406048187e+00
6.266899405607453843e+00
6.273052131859687464e+00
6.276284692442347435e+00
6.302075645328512721e+00
6.310766401136310044e+00
6.311925622956096937e+00
6.330651370669041711e+00
6.333596199966514462e+00
6.335910705990416503e+00
6.336591442193778789e+00
6.336605564531364365e+00
6.345305345800769992e+00
6.357142476944868115e+00
6.359498664064003215e+00
6.366208406327759306e+00
6.380838117868950832e+00
6.386914230699746398e+00
6.396848713370724582e+00
6.411137475134121466e+00
6.417613317431625219e+00
6.424993974026435239e+00
6.438892395255336965e+00
6.444822123826687843e+00
6.445008449167926479e+00
6.458513145408379508e+00
6.479302027015035215e+00
6.486900243600035587e+00
6.500030044179810673e+00
6.502261519638743437e+00
6.503959285102049570e+00
6.508545384454139437e+00
6.509039451077761385e+00
6.515713958059665245e+00
6.520541924140374590e+00
6.524312844091341823e+00
6.534428352225710057e+00
6.543162778410089864e+00
6.564937846544079747e+00
6.567657438439884920e+00
6.582010392144227673e+00
6.585026751265288247e+00
6.589229869976430010e+00
6.594874131433366315e+00
6.601617249430283607e+00
6.608819337246317538e+00
6.616918846868125037e+00
6.617470303150004618e+00
6.625590654018634673e+00
6.626074686266189673e+00
6.638173929854206179e+00
6.640952496670612604e+00
6.641864582356602931e+00
6.642308197098776290e+00
6.643251583674913086e+00
6.650274171961363834e+00
6.652074589446449693e+00
6.653170765449774038e+00
6.663058598577258351e+00
6.679286071819396042e+00
6.681578698610849187e+00
6.687513109860094396e+00
6.692114155959297150e+00
6.698484370676382582e+00
6.698823715328865447e+00
6.701916425363504182e+00
6.702645247984658994e+00
6.717652593083378143e+00
6.722724493623782216e+00
6.738330147041091678e+00
6.744176021112211039e+00
6.744842652850554288e+00
6.749408869598299887e+00
6.752977173975772018e+00
6.757897582128975955e+00
6.765396519642800754e+00
6.768391438776641955e+00
6.768528594496435957e+00
6.789618898739703923e+00
6.807620432683471279e+00
6.807946808990096521e+00
6.809326928974670068e+00
6.818844940027326551e+00
6.819540879491681196e+00
6.825755216948936166e+00
6.828501490362294035e+00
6.828676379423892051e+00
6.836664798909954044e+00
6.838201241241156580e+00
6.839326237594133495e+00
6.842145549796672555e+00
6.848138871446178833e+00
6.850709191504998685e+00
6.864361185463137005e+00
6.871791788659437294e+00
6.878191588128940381e+00
6.900266211735623045e+00
6.921562068154527125e+00
6.923422267332099977e+00
6.924632678849253153e+00
6.929627679964830200e+00
6.935523042930887172e+00
6.936329689340302806e+00
6.937288405635467115e+00
6.954056551284417687e+00
6.961043055759288833e+00
6.968991018095930912e+00
6.969616533833835170e+00
6.976990120619821489e+00
6.988541309453230710e+00
6.990423266543007941e+00
7.013960131213984539e+00
7.015971145849452917e+00
7.016878929135019760e+00
7.017882257340385621e+00
7.026933986502848839e+00
7.027538644941285995e+00
7.028512480267276707e+00
7.030630786062253890e+00
7.037537744675221418e+00
7.045253911707215266e+00
7.047289753013703084e+00
7.049994007754710523e+00
7.052089326610837539e+00
7.056344110064797448e+00
7.062695192338811268e+00
7.076984489526018329e+00
7.077944184795498472e+00
7.114736618375929744e+00
7.121647049526671935e+00
7.123576573566873904e+00
7.125503136635328971e+00
7.133239315071856268e+00
7.136728958586171068e+00
7.137492781292213095e+00
7.145468269232066127e+00
7.145863414227448196e+00
7.149981870716437982e+00
7.160709336082045517e+00
7.188643729614275557e+00
7.190499244741024754e+00
7.191021492961766626e+00
7.192356945013829161e+00
7.194805145125334533e+00
7.195369903862728123e+00
7.204027088933750100e+00
7.204059604150658380e+00
7.212755075605957522e+00
7.216346204533572006e+00
7.222210695753146226e+00
7.238458616049451955e+00
7.239269014367688548e+00
7.241357265502197826e+00
7.253804988073586202e+00
7.254384062787539555e+00
7.254907470488623389e+00
7.257971628759113614e+00
7.258598974081901467e+00
7.260494487294870680e+00
7.261000040536678135e+00
7.269483705688624120e+00
7.271146294101691332e+00
7.272986794103293740e+00
7.278922591774305673e+00
7.279013623149094059e+00
7.282957506401828596e+00
7.283905441936256331e+00
7.284236911932430836e+00
7.288050855222534707e+00
7.288069444002816866e+00
7.290640628124400280e+00
7.304440253842002129e+00
7.313866048474015891e+00
7.315102134743577622e+00
7.315605003174171728e+00
7.319342127958001321e+00
7.323590317530781491e+00
7.325314356016104256e+00
7.328013539421979416e+00
7.332685742388405536e+00
7.335563790126834682e+00
7.336924564828146700e+00
7.342622229730434213e+00
7.350075084473954412e+00
7.357460122453368001e+00
7.362751635246292281e+00
7.365690879771196187e+00
7.371106511394499350e+00
7.373015774895021579e+00
7.374068957923459067e+00
7.376711465217828056e+00
7.379100265735921482e+00
7.384678037018403529e+00
7.401309928895402734e+00
7.409661577471164051e+00
7.410523475676869865e+00
7.415238853130626140e+00
7.416754914861852122e+00
7.422062953543321129e+00
7.426530250753233808e+00
7.427109554376846390e+00
7.428676608578419049e+00
7.449157430929918888e+00
7.452957274936780507e+00
7.460826496235678285e+00
7.462995239003895165e+00
7.466608581093269414e+00
7.470226054883204903e+00
7.476825710327998920e+00
7.479941056952975842e+00
7.480033669597463408e+00
7.481515507602497728e+00
7.488857066839556431e+00
7.493172950027465085e+00
7.494355958396610617e+00
7.498324902684573523e+00
7.505378819970306203e+00
7.511238283987613507e+00
7.511901865930424194e+00
7.521216583902214481e+00
7.521772537142462411e+00
7.523802453716900374e+00
7.530382205167901688e+00
7.538992374331945356e+00
7.539192533565156396e+00
7.541162960833539763e+00
7.541453674010700325e+00
7.545775900678646231e+00
7.557102056414243485e+00
7.557487130658037344e+00
7.557694985961598277e+00
7.560867841511894838e+00
7.563147875158663602e+00
7.563148997391236250e+00
7.569051007395300346e+00
7.569071959038767616e+00
7.571221938187921552e+00
7.572816070457546900e+00
7.576818368169280227e+00
7.580637384933365475e+00
7.584669525226181541e+00
7.596577982137468155e+00
7.598534252585374738e+00
7.598946551326092980e+00
7.599563844830528048e+00
7.610087801190798196e+00
7.613753075226719069e+00
7.614054190544059963e+00
7.619432034460364100e+00
7.626705897247817667e+00
7.627544517334047924e+00
7.642602015311510399e+00
7.647327216807797257e+00
7.648320128163765830e+00
7.650965302910041288e+00
7.656560696424380197e+00
7.657678600188246421e+00
7.662173155051896778e+00
7.663650145537941327e+00
7.669442866770382672e+00
7.671456861395220983e+00
7.672104316170290872e+00
7.672436432795814554e+00
7.677325509525000591e+00
7.693459806312449523e+00
7.695636064150107813e+00
7.709680655935281735e+00
7.716761718570738893e+00
7.718668096645155074e+00
7.725738481457744555e+00
7.727680995153126453e+00
7.727986370354243739e+00
7.729040677371772361e+00
7.734817712682893642e+00
7.735194589492536466e+00
7.736412718731886962e+00
7.740584752782432076e+00
7.743665290252628175e+00
7.746730722807110503e+00
7.753613549185802256e+00
7.754488254322238205e+00
7.755177085120097402e+00
7.755821773648166939e+00
7.756771789868980527e+00
7.757680063348522559e+00
7.758423770308700007e+00
7.767113261222725384e+00
7.768680982467672358e+00
7.774900283763295228e+00
7.778999908540491504e+00
7.779203246812579131e+00
7.784091562523992813e+00
7.784582493629573996e+00
7.790991755070389324e+00
7.795674266957965060e+00
7.796778056687897696e+00
7.799737235031791727e+00
7.805202286095282105e+00
7.806988567907672483e+00
7.814111728411301527e+00
7.818089562201274489e+00
7.824087319713021849e+00
7.865328006327392707e+00
7.870630151184595746e+00
7.873067981952942773e+00
7.874959798459917337e+00
7.876573478399871320e+00
7.879012837620968490e+00
7.879627773794872780e+00
7.881455218350184033e+00
7.881587369777506957e+00
7.883920243009933770e+00
7.888393686116544679e+00
7.889217677171425080e+00
7.889864776980326511e+00
7.895372405765321844e+00
7.905047770548686792e+00
7.910164301464837955e+00
7.912586771964405408e+00
7.912873245101639696e+00
7.914269521455972622e+00
7.921525939315135822e+00
7.921886689822444261e+00
7.921895420497956586e+00
7.923648925427715817e+00
7.924682120796618712e+00
7.929673479620984011e+00
7.934367307496483335e+00
7.934385574322863732e+00
7.934711330325818324e+00
7.935776361353688912e+00
7.938153363531185391e+00
7.941113943749051884e+00
7.954082141831679387e+00
7.957378617859013126e+00
7.958876137548265284e+00
7.960863529750807466e+00
7.969825615967849330e+00
7.975158313090346951e+00
7.976012858474542888e+00
7.985204921326461758e+00
7.992264208729558561e+00
7.993237777930456645e+00
7.997487213858042843e+00
8.000566423068079303e+00
8.009724117644923425e+00
8.015971797454712444e+00
8.020515708358917806e+00
8.021174546747591450e+00
8.024041849096722245e+00
8.028403502688668425e+00
8.030475470893042811e+00
8.032622611498837273e+00
8.033643202054060239e+00
8.034058368692925001e+00
8.037416859764569210e+00
8.037526519693612315e+00
8.044413090285141621e+00
8.049702325862149621e+00
8.050643879938530034e+00
8.051211004427106133e+00
8.051539104205698294e+00
8.051592691515409683e+00
8.052016497413900353e+00
8.055813293808377296e+00
8.057911755606408377e+00
8.061088136362313250e+00
8.071656756297599600e+00
8.074000885779943459e+00
8.081804054216460642e+00
8.082059052487927886e+00
8.084878993815696191e+00
8.085377815614730679e+00
8.090033302878369526e+00
8.099180862015451510e+00
8.099615902978833049e+00
8.099995946666080471e+00
8.102496845740338571e+00
8.108366201342798618e+00
8.108800085050038575e+00
8.111305508269557762e+00
8.115036033762104140e+00
8.125280726736599846e+00
8.127310745678240522e+00
8.132894754115529423e+00
8.133642123977304905e+00
8.135178999517236775e+00
8.136617900922557212e+00
8.140190607231980735e+00
8.140579204519792000e+00
8.140950800159437506e+00
8.142170818160000323e+00
8.142986757240507245e+00
8.145413628762929292e+00
8.150356295634438197e+00
8.155837892546802692e+00
8.156106526582929561e+00
8.157223686434980081e+00
8.157916139405802625e+00
8.163795703805694970e+00
8.164611252912868267e+00
8.165251767778979541e+00
8.165315498939325067e+00
8.170038891034343109e+00
8.170339677227822506e+00
8.170662787214043377e+00
8.179673789862217603e+00
8.180187088601346801e+00
8.189184081336676968e+00
8.189832436879600053e+00
8.191751722968106719e+00
8.194934027034488366e+00
8.196228779986281410e+00
8.197928024777652922e+00
8.198103389264407070e+00
8.198737065355766518e+00
8.201779628737162042e+00
8.211668267478890115e+00
8.228517455546489501e+00
8.229492269416665451e+00
8.230249405310011923e+00
8.231185840104989992e+00
8.232692635818539273e+00
8.232912296094223592e+00
8.233796470863850914e+00
8.235202689663534414e+00
8.242130998517069429e+00
8.243864677166204302e+00
8.246995466893752180e+00
8.247653117672586021e+00
8.248816334314595267e+00
8.251896891776585363e+00
8.253016198512202806e+00
8.253384330880379594e+00
8.253673584961006782e+00
8.272258153846610895e+00
8.275477731101331003e+00
8.277818912968701426e+00
8.279994978956439766e+00
8.281392697467001796e+00
8.288906963780208415e+00
8.293913557723650243e+00
8.295549218665280833e+00
8.297337286707742621e+00
8.298484150209938903e+00
8.299807931799154659e+00
8.300117190049379090e+00
8.302563408945912826e+00
8.303773346989927973e+00
8.304739365601804479e+00
8.306359338429476935e+00
8.306874786832867841e+00
8.310102501676313480e+00
8.321963711849900136e+00
8.332849925529728807e+00
8.333136823294085005e+00
8.333612436888905961e+00
8.335767268937084751e+00
8.336460020717764152e+00
8.344539088648740943e+00
8.345843328556714624e+00
8.346374617598378620e+00
8.347050586092349178e+00
8.352525170239609054e+00
8.353764401123726202e+00
8.354049586163611707e+00
8.359369365525326501e+00
8.360534032323329257e+00
8.365268479498091381e+00
8.366811292061901995e+00
8.368528517396512711e+00
8.369087327863386605e+00
8.369221461914779780e+00
8.376747064191127023e+00
8.377225764180806777e+00
8.377470011730032695e+00
8.397545477151686200e+00
8.400658542018099695e+00
8.400788969995097943e+00
8.402530770910658475e+00
8.403791467591986475e+00
8.406655149329704813e+00
8.408974547235320784e+00
8.409190465633813005e+00
8.410201676798036985e+00
8.410856169784283409e+00
8.411597232434504079e+00
8.411781070087974044e+00
8.414609476344255157e+00
8.419815398770397863e+00
8.420286781011123267e+00
8.424825799228930379e+00
8.425159351876045477e+00
8.426461088835470292e+00
8.430497262702916217e+00
8.433447506168940677e+00
8.434587311262493614e+00
8.435800527108947122e+00
8.436473338686534262e+00
8.436619019991990598e+00
8.439677173956123823e+00
8.444235217342596300e+00
8.446075776882269182e+00
8.447525580583475246e+00
8.450330016166399005e+00
8.452002436956764342e+00
8.454474980605828804e+00
8.459050565636172081e+00
8.463584817112923986e+00
8.464601726220717381e+00
8.466995739555967404e+00
8.473752724059373520e+00
8.474851433658642463e+00
8.475564545452206389e+00
8.480435901754814765e+00
8.482703562361981753e+00
8.486312234280447342e+00
8.487281699304945803e+00
8.492831466577310806e+00
8.494243667416515819e+00
8.494919721782183686e+00
8.497194956965412160e+00
8.500507697220015757e+00
8.503515934847131419e+00
8.506444796367729211e+00
8.507566390105244736e+00
8.520369907765612538e+00
8.530005164919847616e+00
8.531892284954151862e+00
8.533547055157765016e+00
8.535398590138528974e+00
8.538340718219973979e+00
8.542970947432550588e+00
8.547287813444542692e+00
8.549376816908754506e+00
8.552686207804489626e+00
8.556638418923387945e+00
8.565119040333836864e+00
8.572450920327009172e+00
8.576838119909965030e+00
8.578088825675408202e+00
8.580060440484738038e+00
8.582498881511666511e+00
8.587069023749563712e+00
8.595114326329611032e+00
8.596641242007676098e+00
8.602769039027441167e+00
8.608315482179177636e+00
8.613424283230701306e+00
8.615516199209663384e+00
8.616164766831515109e+00
8.617377880269053492e+00
8.620038482664405421e+00
8.628371599633014810e+00
8.629046176930637913e+00
8.630521440753831541e+00
8.633090672323097792e+00
8.635186642334520712e+00
8.636866209536140815e+00
8.637990728503996962e+00
8.644504560474860710e+00
8.646635417994691153e+00
8.647392681358827105e+00
8.649199414479852521e+00
8.650740148602992008e+00
8.651426399806640077e+00
8.653471501990123826e+00
8.654850211310689545e+00
8.657880618726972344e+00
8.666924582004309485e+00
8.671813955100970972e+00
8.677836461194903706e+00
8.682900005327530479e+00
8.685352060291181786e+00
8.689707582768246397e+00
8.693698075210114951e+00
8.693842250728399890e+00
8.704784879117543284e+00
8.705003445653130001e+00
8.706217770082599117e+00
8.706730713246129127e+00
8.707670808063273427e+00
8.708722156506112810e+00
8.709800556723827469e+00
8.712906707681414176e+00
8.713294795765303746e+00
8.713388470499729976e+00
8.715737051310672001e+00
8.716215661275835913e+00
8.720427391443234200e+00
8.722447827416395683e+00
8.726202826536180623e+00
8.726736882149822350e+00
8.727330004339272307e+00
8.730224233190254424e+00
8.732342060141517592e+00
8.732662677554403174e+00
8.736439144162153170e+00
8.740049050310995327e+00
8.741094965101044778e+00
8.742431759882299147e+00
8.742852512755852956e+00
8.743116019468155642e+00
8.747688346150907179e+00
8.751100827442641616e+00
8.753167248721981153e+00
8.756636828361656910e+00
8.761558137306305838e+00
8.761954035282624176e+00
8.766101863212451661e+00
8.772157469880346170e+00
8.773125305970159715e+00
8.774782906136508132e+00
8.780373249084901133e+00
8.782809944008901581e+00
8.783692157521416632e+00
8.784383614579173383e+00
8.788352770072354048e+00
8.796649714129280540e+00
8.796936741106259561e+00
8.799302330300326602e+00
8.800812110068070737e+00
8.801369909112672474e+00
8.803407266672188314e+00
8.804507421686896151e+00
8.810006724041608450e+00
8.810063812400034777e+00
8.811051343573456762e+00
8.811457117154832375e+00
8.811920784079159574e+00
8.812325833586278634e+00
8.816025562066640120e+00
8.816451124356031954e+00
8.820692253653225734e+00
8.825403232156146416e+00
8.835244071054651371e+00
8.835510180723295193e+00
8.842123822177399006e+00
8.844062269572020796e+00
8.846442673325071837e+00
8.847377138569871846e+00
8.847636331956335809e+00
8.847979149031491630e+00
8.848579353907735978e+00
8.850247077057320055e+00
8.854049505866594671e+00
8.856106328883754486e+00
8.857189645909576470e+00
8.857871288977579027e+00
8.859466470899864277e+00
8.859615291058856812e+00
8.860615097220904346e+00
8.863693645422634049e+00
8.868848438758227815e+00
8.870898721992183766e+00
8.872897810313123301e+00
8.873977202047692359e+00
8.877570102246007622e+00
8.878695209287014833e+00
8.878964987921285967e+00
8.887008742636382408e+00
8.887033313941934409e+00
8.888102047218101376e+00
8.888546223934110202e+00
8.889773487297253141e+00
8.895306080698071938e+00
8.900147430040906471e+00
8.905226958193912523e+00
8.906105915767398074e+00
8.906712671734084097e+00
8.916717197341332835e+00
8.918242623549414105e+00
8.918772898933726268e+00
8.919240252120188117e+00
8.920183595369179486e+00
8.922295717288530881e+00
8.924496180392905487e+00
8.925527487216353251e+00
8.926737569916967985e+00
8.927004977542647879e+00
8.929334447355119053e+00
8.929951809112376182e+00
8.930723762235341923e+00
8.935072110485554830e+00
8.935500756352363183e+00
8.937210707644849705e+00
8.940736165236211619e+00
8.945333296306740678e+00
8.947244734676573330e+00
8.952556261550869365e+00
8.953610542956106144e+00
8.955971367902684221e+00
8.957217676934829953e+00
8.957226748154335283e+00
8.958198682370593247e+00
8.959532914845803830e+00
8.960617414058543062e+00
8.963776118582950758e+00
8.964598118802625137e+00
8.967795490836858008e+00
8.971918376056006394e+00
8.974029245196023297e+00
8.974516605065220531e+00
8.979362907954103079e+00
8.981955471080492970e+00
8.986368618945144604e+00
8.988911407453523239e+00
8.990564780266543821e+00
8.993256091693231369e+00
8.993660955811478175e+00
8.995076337918392895e+00
8.995132113763798287e+00
8.996191621160479102e+00
8.999263129792211657e+00
8.999395323307918915e+00
9.000116923631123811e+00
9.000973677933551187e+00
9.001423539916835637e+00
9.006511211256432503e+00
9.009120216377104029e+00
9.012011611524094690e+00
9.015376359146005214e+00
9.017845679462110908e+00
9.020472935998968822e+00
9.039392917368118674e+00
9.039901778557434042e+00
9.041560639532567833e+00
9.045647945282061286e+00
9.047350022256431146e+00
9.051784723325575044e+00
9.055039862333375211e+00
9.056111786883754178e+00
9.058215122220010684e+00
9.060756803023849670e+00
9.063985716932783987e+00
9.065299168107058492e+00
9.067548570119827289e+00
9.067831602313676242e+00
9.068809979927069165e+00
9.074138548333737120e+00
9.078176421236715754e+00
9.078923459731299772e+00
9.085131629328209613e+00
9.086122198665846028e+00
9.087019207236865626e+00
9.088448834716578162e+00
9.090747882874634200e+00
9.095212294966767530e+00
9.097439837151391373e+00
9.110342387682988985e+00
9.112429321133856064e+00
9.115030624235638257e+00
9.115616256028443942e+00
9.117836176715325536e+00
9.122434551607708997e+00
9.126394848923080616e+00
9.126512917290037663e+00
9.129706230885412666e+00
9.131006618167324618e+00
9.132982874210444635e+00
9.133127761011969881e+00
9.133236725494946029e+00
9.137210116067814525e+00
9.138635010829936789e+00
9.140256237669902362e+00
9.148022485394211145e+00
9.153325072296176756e+00
9.153689314652316611e+00
9.153706776071080853e+00
9.155630667885899854e+00
9.157331359133086934e+00
9.158843811899711085e+00
9.165795990647019664e+00
9.166256024151861581e+00
9.170178024815486495e+00
9.170491306187418701e+00
9.172325329865831378e+00
9.177771064555054537e+00
9.180642593991716893e+00
9.185001283764908209e+00
9.187348292504582403e+00
9.187787380060743914e+00
9.191913871270848801e+00
9.192840276363000385e+00
9.193936610751578087e+00
9.194819393427982490e+00
9.195978201281180375e+00
9.198710209324760356e+00
9.201675277478191362e+00
9.201884162003175049e+00
9.202569054492171219e+00
9.205195101143766934e+00
9.205290107571833857e+00
9.206070359341810061e+00
9.206418446932699950e+00
9.207611294968639726e+00
9.208178112356494083e+00
9.213292631716946346e+00
9.213467819710080775e+00
9.218113191974433462e+00
9.218300901936144598e+00
9.219597607073872325e+00
9.221170428975904443e+00
9.224289359696735247e+00
9.225149383008234949e+00
9.227413385638357113e+00
9.234271311895103196e+00
9.234893367462335689e+00
9.235493902143783629e+00
9.236464094634618149e+00
9.239375951490339745e+00
9.243176197805574645e+00
9.247299298651103783e+00
9.251768042687032789e+00
9.252770490718470242e+00
9.253273360018276605e+00
9.253662792744727028e+00
9.256023091549147708e+00
9.258910806997249665e+00
9.259456272699956969e+00
9.259724528016512579e+00
9.260169525687102166e+00
9.261354155343736849e+00
9.264581092310393728e+00
9.265351656203895558e+00
9.268178066443057972e+00
9.269490502560074674e+00
9.274050090184136508e+00
9.274151461549440256e+00
9.275307853730737406e+00
9.279096027679109682e+00
9.280293530640303601e+00
9.284568517265713083e+00
9.285309153365467694e+00
9.291410540369357207e+00
9.291699727305074319e+00
9.292031622013656289e+00
9.293069045993037847e+00
9.293743898051124219e+00
9.298766790322581244e+00
9.299335215987627024e+00
9.301006157783378470e+00
9.304179331373756412e+00
9.304749305151140959e+00
9.306276189445283009e+00
9.309073720148525410e+00
9.310122867278023406e+00
9.311818426738078358e+00
9.313589589556604764e+00
9.314282642340515395e+00
9.316823166151777968e+00
9.321591728058622905e+00
9.322116124650865032e+00
9.322996207782408007e+00
9.323856822842417458e+00
9.325221844611117916e+00
9.329253016769634144e+00
9.331185458013365519e+00
9.332779585052932703e+00
9.335240948082514478e+00
9.338124329328151063e+00
9.339674423065302378e+00
9.341086946739137531e+00
9.341220613030200681e+00
9.345492585504427296e+00
9.345749413260481475e+00
9.346020894002780466e+00
9.351315412997758258e+00
9.361543362352708897e+00
9.366168509662417208e+00
9.368664829220392676e+00
9.378520087360728397e+00
9.385166580971336714e+00
9.387971188277962398e+00
9.393162219814756853e+00
9.400516756489272652e+00
9.402181820423756164e+00
9.402539296848946293e+00
9.405876966115773286e+00
9.406971780857809051e+00
9.407578778147620113e+00
9.409284927589817826e+00
9.409949168387738538e+00
9.414864377712090615e+00
9.416327967172623659e+00
9.422219879794623054e+00
9.425389111423072563e+00
9.426754468784093177e+00
9.428603260144399201e+00
9.432016303862161166e+00
9.438910021063762201e+00
9.439307228622521251e+00
9.441735266547889083e+00
9.442031623861483425e+00
9.452420119220557027e+00
9.453321140044138815e+00
9.460338870815300893e+00
9.460918472942303481e+00
9.462490088267196953e+00
9.462663217280876893e+00
9.467957132968125578e+00
9.468552625051962934e+00
9.469134307765362024e+00
9.470417201167487420e+00
9.470964812063183302e+00
9.471701628843010923e+00
9.473006787090163527e+00
9.475961342681713973e+00
9.477994088616721768e+00
9.478617911585640599e+00
9.483767184012561913e+00
9.483795331922197036e+00
9.483974393926130730e+00
9.484052422717409669e+00
9.484488167851647944e+00
9.484606749434794537e+00
9.487991935110022368e+00
9.488738192128167270e+00
9.495352790800128062e+00
9.498091025248070807e+00
9.499659523274889494e+00
9.500075023587882583e+00
9.501363518946433828e+00
9.501716911559235257e+00
9.505091244709463538e+00
9.506116388496607783e+00
9.510554514714280927e+00
9.511524194624627171e+00
9.514981650013599079e+00
9.517635697780079340e+00
9.519415660002543689e+00
9.520236825397885738e+00
9.520995339339268781e+00
9.521274710894486404e+00
9.527657527148008398e+00
9.532936600940820071e+00
9.533596932635211019e+00
9.541014886307266352e+00
9.541409798938939701e+00
9.543740186006072435e+00
9.547111252899972200e+00
9.549301948424087527e+00
9.550655628784026518e+00
9.551433192903655112e+00
9.553223468535108509e+00
9.553564892910230810e+00
9.554505868921831180e+00
9.554910288895699821e+00
9.557327228930530438e+00
9.559261957181950820e+00
9.560391306468742911e+00
9.561226492154293766e+00
9.563535370895479559e+00
9.565806534663682470e+00
9.566356842834776941e+00
9.566692624011762902e+00
9.566728010881647037e+00
9.571476888659649518e+00
9.571989534014260670e+00
9.575760956238045907e+00
9.576622014314828846e+00
9.577388659196063969e+00
9.579016147285509319e+00
9.581251980515718358e+00
9.586780943305171832e+00
9.587832746610958523e+00
9.588243228954322461e+00
9.591556861347186214e+00
9.592140093824307101e+00
9.597552814295266188e+00
9.598734839672612651e+00
9.601414135791817017e+00
9.601527717883795887e+00
9.602161279201993693e+00
9.605374839730107084e+00
9.606238075281902766e+00
9.606257466777021747e+00
9.607605408030339689e+00
9.608362618851955972e+00
9.608518824400594127e+00
9.610364901625597867e+00
9.610373444356126171e+00
9.613383945812319809e+00
9.614080867918264772e+00
9.615001363731892070e+00
9.621389424661190404e+00
9.621656660678038264e+00
9.623949411730155390e+00
9.625267481529583335e+00
9.625395135164836802e+00
9.626282873033987997e+00
9.626959851978766025e+00
9.627716124419178456e+00
9.628174481051576805e+00
9.629761072441416658e+00
9.630194124974003955e+00
9.630949433119937453e+00
9.634455486882846031e+00
9.634780308042754982e+00
9.638233816145529431e+00
9.639405988055841590e+00
9.643425713922709974e+00
9.647022006778325220e+00
9.647215020023145016e+00
9.651368963992162264e+00
9.656841571999597917e+00
9.657025507874504200e+00
9.657570393717541890e+00
9.658098657960390909e+00
9.661535352383832986e+00
9.662596441002005321e+00
9.665608058521678814e+00
9.666548817720428843e+00
9.668433139504655216e+00
9.668652487036938581e+00
9.668886791444048612e+00
9.671520827327993786e+00
9.674756602460005794e+00
9.675885687493126497e+00
9.675912822037908256e+00
9.676472326298155124e+00
9.681051995690177492e+00
9.681429906921517059e+00
9.681628970683451740e+00
9.682339974358367130e+00
9.684237793854512333e+00
9.684377929391242645e+00
9.686270713922635167e+00
9.687852065636517906e+00
9.688770141226354937e+00
9.694653196940077322e+00
9.698958533891053335e+00
9.699029295681485863e+00
9.702203256462253123e+00
9.704015915983632112e+00
9.707645925794775366e+00
9.709662611065599691e+00
9.710014619873117425e+00
9.710514161572346481e+00
9.710684939414498729e+00
9.711223660805760716e+00
9.711258950941154211e+00
9.711800811495587382e+00
9.714626502113445028e+00
9.716240641381881815e+00
9.717606703984479566e+00
9.719238559473289740e+00
9.722698848209530453e+00
9.724042136343104659e+00
9.725470957677854855e+00
9.726669578837125130e+00
9.727835072097677838e+00
9.728300265420903870e+00
9.733626773179018699e+00
9.735595000924895714e+00
9.741387622699445359e+00
9.744940180194049617e+00
9.747027790771401357e+00
9.748181256604915745e+00
9.749657282518427337e+00
9.752478336412718107e+00
9.754396513107954192e+00
9.755210306982949220e+00
9.755986067508370496e+00
9.758544461066131603e+00
9.759687783952976758e+00
9.765753165302001548e+00
9.765804922844619540e+00
9.769452905809538734e+00
9.770216340682457812e+00
9.777205968370951794e+00
9.777900767953335404e+00
9.780396631666256724e+00
9.783360283051001360e+00
9.784692867111910886e+00
9.788169674669301656e+00
9.788507494942864540e+00
9.795387067724146135e+00
9.797992189335310798e+00
9.798923088449939200e+00
9.800428375703241102e+00
9.802032915259045964e+00
9.802759827101866108e+00
9.802966478604474787e+00
9.808034911931667210e+00
9.809083428674972183e+00
9.812295607316203316e+00
9.816576574941707989e+00
9.818284428133521757e+00
9.822367989842726743e+00
9.822480114328140388e+00
9.824230082630860394e+00
9.825456640303912081e+00
9.825588867800760795e+00
9.826915075914918418e+00
9.829516672886198236e+00
9.833670703473421426e+00
9.835929509397155712e+00
9.838013522368880714e+00
9.838051049482864130e+00
9.843856064397316530e+00
9.844809213040981888e+00
9.846936712592325947e+00
9.847681925330672215e+00
9.848600119943153430e+00
9.849452319994831839e+00
9.851035275981175232e+00
9.851480798031904129e+00
9.851659767479578278e+00
9.852401951429071048e+00
9.853964260718951707e+00
9.856865224739133069e+00
9.857142826307628170e+00
9.857615530873433229e+00
9.859171531887879425e+00
9.861212562862196052e+00
9.862807775928301268e+00
9.863814130701639371e+00
9.863892646500426409e+00
9.867211647790307794e+00
9.868170332933576816e+00
9.868290091063048664e+00
9.868914652747207583e+00
9.873046007512741085e+00
9.873199840460827659e+00
9.874158367454912266e+00
9.878326555294554723e+00
9.879821603449176592e+00
9.879873487438304736e+00
9.880252812487070102e+00
9.880571211299079337e+00
9.880664893853850828e+00
9.880852032466764356e+00
9.881299718187984027e+00
9.881641611861411434e+00
9.882043827808848491e+00
9.884744257664685563e+00
9.886048317352827297e+00
9.893693678353271181e+00
9.893775395151649832e+00
9.893824102555106137e+00
9.895924758715231917e+00
9.900376484828710133e+00
9.902371775660883557e+00
9.907377486461014016e+00
9.908357028603234085e+00
9.911915377281744099e+00
9.914301248991462145e+00
9.917296213974983843e+00
9.917526078520998212e+00
9.918453876420707971e+00
9.920271882865673518e+00
9.921337991493592412e+00
9.924070241552620075e+00
9.928372723211072781e+00
9.928984986683648373e+00
9.930617546321940381e+00
9.930828611489431523e+00
9.934524409704540204e+00
9.936985854596260381e+00
9.941059981430404591e+00
9.943061319142353582e+00
9.943255611740259070e+00
9.948553115788508094e+00
9.949989249015288806e+00
9.952052299374384958e+00
9.952538257466482463e+00
9.953266393585323613e+00
9.958993199123364448e+00
9.961301297063037907e+00
9.963197496071693138e+00
9.966306906356170003e+00
9.966861750254164320e+00
9.971254945416827553e+00
9.971993871267427423e+00
9.975364862530909704e+00
9.976410326753024194e+00
9.979540960308069586e+00
9.986159084846372380e+00
9.987970043865354697e+00
9.992413168314243421e+00
9.993096323531737823e+00
9.994051417907035884e+00
9.999618264663297396e+00
9.999754776823239766e+00
1.000174901422705709e+01
1.000422881207557602e+01
1.000437606567369286e+01
1.000773726149464338e+01
1.001095827411647221e+01
1.001956867469622914e+01
1.002285072947426769e+01
1.002711391886525760e+01
1.002715877179129222e+01
1.003222262545436472e+01
1.003236451932611573e+01
1.004124846784927172e+01
1.004229494073915063e+01
1.004260174029072772e+01
1.004471808416272438e+01
1.004978151844008138e+01
1.005080935866665115e+01
1.005478225586875496e+01
1.005629801806941437e+01
1.005912289587598352e+01
1.006204773640483197e+01
1.006625865789974661e+01
1.006770901271342389e+01
1.007226871409345925e+01
1.007257928235116573e+01
1.007296856676332375e+01
1.007307348682559933e+01
1.007516239335600439e+01
1.007552894852331349e+01
1.007965232863105598e+01
1.008008014591790769e+01
1.008271747201196256e+01
1.008564567487017527e+01
1.008607300259358119e+01
1.008773349882728176e+01
1.009233109871555101e+01
1.009325618261947888e+01
1.009433018101807455e+01
1.009446061838862718e+01
1.009598457445620134e+01
1.009804739669930918e+01
1.010157833712379727e+01
1.010224551739765708e+01
1.010612410675229000e+01
1.010722116234715706e+01
1.011563099064049354e+01
1.011673763848079410e+01
1.011916254124714776e+01
1.011992281717297537e+01
1.012490532850395297e+01
1.012598488093293270e+01
1.012912237788373204e+01
1.013057594226857816e+01
1.013103680439076015e+01
1.013156521177087477e+01
1.013186715470813937e+01
1.013266204229172729e+01
1.013346468205205930e+01
1.013437964813973835e+01
1.013919003561136201e+01
1.014092343610877300e+01
1.014095509080915747e+01
1.014246336655179093e+01
1.015049369953606373e+01
1.015102140761579541e+01
1.015391318582711300e+01
1.015509769258676620e+01
1.015531237784197494e+01
1.015568549196898651e+01
1.015944728920915630e+01
1.016374739695072549e+01
1.016630402733527383e+01
1.016944788240988551e+01
1.017137271175928959e+01
1.017198910973640658e+01
1.017217260034242265e+01
1.017912338508575409e+01
1.018419127086446530e+01
1.018574249076045568e+01
1.018599545338579127e+01
1.018981856216696791e+01
1.019034570551833241e+01
1.019092454890821031e+01
1.019133652284868141e+01
1.019135252989350526e+01
1.019220448118666056e+01
1.019261049446838641e+01
1.019383341328043002e+01
1.019475349548657839e+01
1.019600638685934335e+01
1.019600811769633886e+01
1.019660729980565961e+01
1.019797306923939573e+01
1.019929159779380790e+01
1.020005962867185190e+01
1.020043183318201585e+01
1.020663323778822118e+01
1.020996744915964705e+01
1.021001438885188328e+01
1.021165073201392559e+01
1.021565805289406192e+01
1.021630945185422235e+01
1.021644944739725958e+01
1.021666149718671335e+01
1.022283051335692505e+01
1.022507936607084389e+01
1.022539504684931799e+01
1.022872928559171513e+01
1.023146784243385277e+01
1.023151687201839799e+01
1.023207905061152800e+01
1.023222748621260969e+01
1.023776427912409837e+01
1.024066394948135361e+01
1.024070265716432360e+01
1.024177964348230496e+01
1.024267973446647240e+01
1.024573634671454947e+01
1.024757155826860178e+01
1.024815464008059962e+01
1.024994367823390462e+01
1.025255441472754292e+01
1.025403725175527825e+01
1.025878715306811273e+01
1.025999814202845073e+01
1.026091150483606818e+01
1.026222228764035904e+01
1.026315299719019158e+01
1.026841819056153327e+01
1.026872176774385892e+01
1.026916271618084586e+01
1.027062522045930493e+01
1.027519162774424188e+01
1.027536935016932773e+01
1.027556417583740789e+01
1.027993175880487442e+01
1.028265776149726918e+01
1.028570795600377608e+01
1.028679503373154702e+01
1.028990135775522496e+01
1.029373676886206290e+01
1.029574938229142411e+01
1.029748798789956687e+01
1.029765697791158807e+01
1.029771239035981978e+01
1.029917908790246983e+01
1.030045152587181967e+01
1.030270154043379627e+01
1.030664359455578527e+01
1.031177222682878458e+01
1.031688093425141339e+01
1.031761064979365905e+01
1.031784231257865336e+01
1.031786634794382351e+01
1.031945187188117607e+01
1.031990748729789686e+01
1.032173630638279782e+01
1.032545650581166541e+01
1.032819122360168151e+01
1.032902411160621980e+01
1.033098130347067212e+01
1.033193825192465454e+01
1.033237715402942314e+01
1.033301403131978269e+01
1.033698762631750867e+01
1.034017543648210946e+01
1.034161816673169021e+01
1.034252971024708856e+01
1.034377901848225889e+01
1.034422287481510061e+01
1.034983297864251206e+01
1.035264426708532604e+01
1.035297240931341456e+01
1.035442507929279188e+01
1.035489933867015644e+01
1.035717770009414629e+01
1.035799210906665557e+01
1.036177597007909412e+01
1.036500979137391276e+01
1.036559141350462987e+01
1.036599239078146262e+01
1.036709979472922249e+01
1.036756380838501101e+01
1.036998144587743909e+01
1.037102785261996196e+01
1.037131959139921555e+01
1.037392305617527555e+01
1.037471192524660779e+01
1.037487206579993604e+01
1.037516024423187133e+01
1.037548155270778061e+01
1.037843616921470158e+01
1.037904379446193204e+01
1.037942072141297345e+01
1.038105400161531300e+01
1.038195077111468478e+01
1.038466419994793277e+01
1.038637116023491558e+01
1.038644205308014712e+01
1.038956036658485083e+01
1.039079313653924785e+01
1.039209161381975477e+01
1.039775907084288065e+01
1.040255965785330083e+01
1.040338516358148446e+01
1.040635731902604100e+01
1.040832338826922943e+01
1.041129049052901578e+01
1.041224927804263700e+01
1.041323307655898667e+01
1.041365815653436577e+01
1.041761443633751227e+01
1.041830766084362914e+01
1.041980242120778932e+01
1.042745204141601789e+01
1.042760004645115757e+01
1.042889186106896737e+01
1.042930411960802317e+01
1.043366015372470734e+01
1.043627524662077377e+01
1.043688586889636127e+01
1.043909659643468757e+01
1.044022149866729166e+01
1.044120608233977698e+01
1.044205485543356815e+01
1.044286415758444164e+01
1.044462929510633487e+01
1.045594477045672122e+01
1.045728839372557317e+01
1.046612307888927340e+01
1.046814490553682830e+01
1.047002543729799662e+01
1.047154121550888917e+01
1.047234422986194602e+01
1.047374836756355343e+01
1.047561853570528712e+01
1.047570479576746827e+01
1.047701875511175373e+01
1.047728991288858325e+01
1.047867627655520018e+01
1.047924221799034505e+01
1.047945892747852881e+01
1.048026791588188367e+01
1.048076088411753481e+01
1.048236311440114044e+01
1.048257842716320098e+01
1.048339455982007529e+01
1.048616976018620051e+01
1.048619883025675747e+01
1.048657897895297531e+01
1.049041291123199038e+01
1.049208351790036353e+01
1.049378183329152137e+01
1.049516597985225630e+01
1.049706739985697723e+01
1.049718355058234032e+01
1.049741298413355217e+01
1.049987073805877458e+01
1.049987455489777055e+01
1.050029127709588295e+01
1.050237973372438915e+01
1.050296973659546396e+01
1.050740516346115605e+01
1.050825365545129308e+01
1.050833935883197512e+01
1.051104156735878981e+01
1.051175906302203344e+01
1.051498620396867523e+01
1.051755856761005603e+01
1.051767197816987931e+01
1.051927857859606341e+01
1.051994160416433743e+01
1.052026815803292514e+01
1.052703324863416157e+01
1.053198608359672406e+01
1.053663045782403529e+01
1.053687234069747980e+01
1.053716160697881854e+01
1.053939351727391660e+01
1.054076564977956743e+01
1.054132310701844233e+01
1.054398084976587313e+01
1.054425170796786837e+01
1.054510733700367275e+01
1.054537308674156293e+01
1.054750000726624215e+01
1.054772923422774511e+01
1.054964070739879034e+01
1.055009576854409659e+01
1.055126344447442754e+01
1.055231984765662467e+01
1.055522738997432342e+01
1.055559010632341455e+01
1.055575147743381592e+01
1.055697997090998363e+01
1.055758873153593669e+01
1.055993006596660955e+01
1.056156948339882007e+01
1.056241273917450130e+01
1.056358233474278485e+01
1.056447250133518700e+01
1.056653121618309221e+01
1.056691476030415799e+01
1.056755507249666870e+01
1.056928783919923731e+01
1.057105231427153669e+01
1.057324290693445690e+01
1.057577460323240537e+01
1.057622122296858791e+01
1.057822612591404443e+01
1.057971432295378200e+01
1.058285375906802628e+01
1.058363541292064092e+01
1.058419964380080813e+01
1.058623058694184316e+01
1.058867629327981064e+01
1.058881271288818127e+01
1.058884847362698522e+01
1.058907827112431121e+01
1.059081284601332484e+01
1.059185445150682803e+01
1.059214501709640821e+01
1.059293929913962096e+01
1.059460736389413427e+01
1.059628320336009821e+01
1.059707136055412313e+01
1.060010805510043674e+01
1.060079940994131498e+01
1.060261041357722078e+01
1.060531528656119704e+01
1.060588235069218399e+01
1.060966696698679357e+01
1.061163597466438091e+01
1.061179855897139923e+01
1.061302215445654973e+01
1.061429006463086466e+01
1.061459632014768850e+01
1.061484677255303488e+01
1.062084969979706806e+01
1.062105535137364853e+01
1.062338140707628398e+01
1.062342499021771758e+01
1.062609744951556046e+01
1.062616790355967389e+01
1.062968502059140974e+01
1.063101006356625788e+01
1.063102092406627541e+01
1.063129055777961973e+01
1.063354374632492672e+01
1.063612263076394626e+01
1.063621209706246162e+01
1.063837217398015156e+01
1.063939795986885350e+01
1.063970768471058292e+01
1.064105398852058926e+01
1.064137084260345745e+01
1.064622354854716058e+01
1.065049522376906133e+01
1.065225896714912324e+01
1.065301898961888050e+01
1.065374018555498026e+01
1.065576091790624957e+01
1.065817432712269230e+01
1.065902329179447250e+01
1.066204639235830598e+01
1.066264333491782779e+01
1.066328166999104354e+01
1.066759300676224420e+01
1.066821427451943016e+01
1.066931959771937066e+01
1.066970168240237449e+01
1.067371321386795024e+01
1.067425557510029677e+01
1.067427279815908925e+01
1.067456039218782671e+01
1.067504260004793437e+01
1.067550066780126983e+01
1.067782151850963146e+01
1.068125976578600600e+01
1.068364989561300504e+01
1.068824370590234096e+01
1.068851989582456774e+01
1.068963194911838777e+01
1.069427505208472695e+01
1.069438817725796120e+01
1.069522448321507646e+01
1.069698462034018149e+01
1.070099542336677523e+01
1.070373635500510900e+01
1.070793334035966282e+01
1.071206959190403651e+01
1.071284012221174287e+01
1.071344861871554954e+01
1.071387349841429248e+01
1.071405573554378599e+01
1.071424042473098481e+01
1.071972952991066563e+01
1.072367401552248722e+01
1.072629425663797065e+01
1.073035113220193892e+01
1.073344712042157845e+01
1.073561149780307211e+01
1.073799151560280229e+01
1.073945600598588257e+01
1.074043016432139908e+01
1.074340277306006186e+01
1.074476996159890696e+01
1.074622470565625676e+01
1.074875136500873651e+01
1.075108349724640888e+01
1.075389028430599403e+01
1.075646124894609734e+01
1.076381117021018419e+01
1.076392971962964218e+01
1.076405675950284468e+01
1.076685182054163903e+01
1.076706031826269871e+01
1.076749672412168835e+01
1.076899599389149742e+01
1.077000981834966353e+01
1.077709214365757084e+01
1.077806336938807696e+01
1.077995532244141508e+01
1.078223411988167868e+01
1.078548305517827011e+01
1.079361004517808631e+01
1.079404767891127470e+01
1.079523819958484765e+01
1.079632432997743585e+01
1.079700942036640932e+01
1.079701454424754914e+01
1.079807057343277066e+01
1.079894084968278811e+01
1.079920208107299651e+01
1.080465827033525450e+01
1.080580710773984165e+01
1.080693346238845720e+01
1.080914723569910585e+01
1.081022227522497481e+01
1.081100614385765724e+01
1.081189115708498250e+01
1.081451524374192807e+01
1.081475665054411728e+01
1.082040331527791643e+01
1.082359291654038103e+01
1.082374419935363719e+01
1.082638994010662437e+01
1.082684514814318710e+01
1.082699962646683645e+01
1.082876162381051088e+01
1.082881700643875789e+01
1.082961048899518985e+01
1.083279789959646600e+01
1.083373938176195850e+01
1.083534587065599908e+01
1.083669117654703840e+01
1.084140982796801644e+01
1.084195858573056270e+01
1.084558158055897437e+01
1.084854216845056030e+01
1.084993655043084360e+01
1.085212918252939218e+01
1.085255855561608662e+01
1.085633760573194451e+01
1.085677847326605949e+01
1.085680064922711985e+01
1.086034795567715783e+01
1.086173792136741412e+01
1.086241881535341136e+01
1.086691881664001258e+01
1.086951561600464444e+01
1.087264330847843219e+01
1.087347678316559652e+01
1.087485064716827310e+01
1.087489717744720252e+01
1.087992258712196403e+01
1.088078113603961583e+01
1.088118483708055528e+01
1.088350279658056330e+01
1.088476918971253937e+01
1.088576267566116051e+01
1.088706513734321035e+01
1.089381427599439434e+01
1.089413225792727857e+01
1.089479729132142438e+01
1.089592922991454849e+01
1.089788228098066902e+01
1.089878640533820686e+01
1.089884595153461078e+01
1.089899297931890310e+01
1.089958787766519421e+01
1.090042954053858004e+01
1.090605642339847847e+01
1.090668673281702361e+01
1.090994640018184469e+01
1.091072307862469692e+01
1.091097100174858348e+01
1.091318044088879802e+01
1.091319271250250189e+01
1.091591248832389205e+01
1.091743044943545016e+01
1.091806111434599025e+01
1.091817983487108101e+01
1.091985672118184603e+01
1.092124806101546675e+01
1.092753034433197179e+01
1.092910061130780797e+01
1.093303237739300471e+01
1.093615816296011545e+01
1.093757231902107030e+01
1.093801221578077332e+01
1.093850505877157886e+01
1.093897716658168306e+01
1.093951094581836436e+01
1.094076183953499282e+01
1.095083408843586703e+01
1.095192352027910587e+01
1.095519435874131986e+01
1.095673349198402313e+01
1.095700771976150101e+01
1.095705464965765685e+01
1.096429064971082390e+01
1.096573889673801716e+01
1.096601221651418001e+01
1.097021357549174958e+01
1.097689372880055103e+01
1.097737360141696961e+01
1.097740076243495544e+01
1.097815196846219976e+01
1.098105595391344913e+01
1.098486511133629762e+01
1.099067868694740646e+01
1.099281773503129855e+01
1.099385157353538744e+01
1.101632580749765999e+01
1.101823597262245968e+01
1.101841519298220717e+01
1.101881671150544051e+01
1.101984154900355328e+01
1.102018705431544099e+01
1.102118179625333561e+01
1.102149871374423640e+01
1.102157281898135288e+01
1.102678962517070360e+01
1.103041235739451587e+01
1.103189938237770917e+01
1.103626380820471198e+01
1.103761070355150054e+01
1.104044691774130982e+01
1.104140215976619999e+01
1.104283867630183202e+01
1.104290277979420232e+01
1.104324182349604477e+01
1.104457866252605847e+01
1.104663869767685291e+01
1.104687954092188384e+01
1.104926322387421500e+01
1.105392698503993110e+01
1.105604554706476250e+01
1.105982500691041537e+01
1.106328101006648801e+01
1.106378661936183150e+01
1.106957470741352623e+01
1.106976325190938759e+01
1.107606050479488147e+01
1.107716841170481459e+01
1.107979191152837295e+01
1.108182208343489350e+01
1.108331711598843583e+01
1.108479871134652228e+01
1.108557315951396838e+01
1.108617057621673752e+01
1.108985218433362796e+01
1.109021835216884710e+01
1.109093055776379622e+01
1.109636396972866734e+01
1.110078790285316686e+01
1.110223833379942526e+01
1.110610340789653350e+01
1.110778051849503356e+01
1.110895548707240543e+01
1.111988902959472014e+01
1.112096387025881050e+01
1.112324323166656903e+01
1.112529108259757393e+01
1.112608378641632889e+01
1.112724754452649911e+01
1.113151805096598856e+01
1.113459967161404762e+01
1.113788355997030699e+01
1.114373988385129621e+01
1.114691484756779083e+01
1.114709929419730194e+01
1.114757210916619989e+01
1.114960806246527092e+01
1.114984039204129118e+01
1.114992656036084639e+01
1.115771912596654047e+01
1.115818222723826025e+01
1.115885460297115372e+01
1.116049524228154866e+01
1.116209260682995996e+01
1.116227495925958557e+01
1.116624741643412122e+01
1.116765010130056979e+01
1.116834773689786786e+01
1.116845939183644631e+01
1.116870555025673717e+01
1.117136932614035061e+01
1.117195160516560115e+01
1.117584635163564855e+01
1.118324122100825946e+01
1.118459217980605125e+01
1.118557643988134487e+01
1.119169035759441044e+01
1.119339272497021653e+01
1.119367061402295249e+01
1.119712056567848890e+01
1.119792053007916621e+01
1.119792645491300576e+01
1.120169313079048834e+01
1.120344411169955023e+01
1.120663630667997523e+01
1.120796313950160084e+01
1.120799373699317059e+01
1.121032590786449035e+01
1.121747332215989879e+01
1.122068480779758382e+01
1.122359556988002360e+01
1.122378576466283207e+01
1.122502125229240200e+01
1.122606536819741763e+01
1.122683219935979615e+01
1.122985167213422919e+01
1.123168273218676205e+01
1.123495872957001929e+01
1.123806900362953698e+01
1.123869456902975017e+01
1.124115101943953299e+01
1.124205442401752286e+01
1.124210542079469199e+01
1.124220478764458875e+01
1.124493987957388441e+01
1.124929366650290063e+01
1.125081170793230356e+01
1.125113408201264242e+01
1.125387962189879154e+01
1.126138554532433389e+01
1.126153768649916387e+01
1.126198967549309593e+01
1.126432228550174131e+01
1.127168933837234732e+01
1.127435452695728202e+01
1.127739551503738369e+01
1.127950056625238773e+01
1.128326967843994666e+01
1.128682467603790052e+01
1.128697336969050014e+01
1.128720574327758897e+01
1.129526372752012975e+01
1.129768774905831208e+01
1.130004343476981354e+01
1.130017336211532886e+01
1.130129732390774855e+01
1.130170937061043190e+01
1.130339425812396925e+01
1.130630558143403697e+01
1.130766624361110928e+01
1.130932732030678878e+01
1.131662432152007014e+01
1.131760837774912076e+01
1.131933165371471262e+01
1.131950596566913703e+01
1.132104731752016313e+01
1.132410837251758018e+01
1.132612279183479487e+01
1.132893690758596961e+01
1.132914503935331041e+01
1.132919165826850438e+01
1.133007193120626077e+01
1.133247402746651211e+01
1.133507511471589879e+01
1.133563019818570439e+01
1.133586838695395649e+01
1.133593168001674734e+01
1.133955900416942875e+01
1.134138423702620635e+01
1.134200372223730824e+01
1.134282277052278687e+01
1.134391192709018270e+01
1.134587080641621881e+01
1.135048247395903154e+01
1.135166101096348434e+01
1.135324047439088346e+01
1.136096496756705321e+01
1.136107186367601329e+01
1.136480089618969913e+01
1.136505161822371335e+01
1.136673518359712531e+01
1.136826613888593585e+01
1.137112527011674068e+01
1.137192236233966192e+01
1.137196369935368523e+01
1.137355568327477151e+01
1.137449136465677491e+01
1.137769311475725864e+01
1.138068262915948559e+01
1.138247392749739362e+01
1.138263164480168221e+01
1.138272998186473473e+01
1.138322310685076211e+01
1.138469375483025559e+01
1.138490056824055685e+01
1.138535135559229161e+01
1.138863834760791427e+01
1.139204930241461611e+01
1.139326981986952170e+01
1.139748565143184678e+01
1.140046277954506948e+01
1.140075739626934315e+01
1.140674647172192024e+01
1.141016643816323928e+01
1.141060277442797322e+01
1.141351680702732097e+01
1.141457442866471439e+01
1.141652878329808374e+01
1.141671166746515986e+01
1.142037931893979774e+01
1.142193847039749421e+01
1.142315736627806189e+01
1.142552257645967373e+01
1.143700686336691952e+01
1.144054610849181053e+01
1.144140011506309484e+01
1.144606643509657928e+01
1.144827716610233637e+01
1.144923666081364644e+01
1.145100797911163681e+01
1.145128741923100790e+01
1.145469979054936260e+01
1.145543518186612175e+01
1.146226123792633445e+01
1.146257893786636117e+01
1.146494663938762493e+01
1.146626149807105932e+01
1.146669559975558172e+01
1.146817950863690960e+01
1.147287582290210928e+01
1.147362143289015890e+01
1.147629089874924446e+01
1.147668462266456579e+01
1.147802827926482649e+01
1.147882029146530236e+01
1.148133792953038679e+01
1.148239570119143593e+01
1.148680707801537082e+01
1.149217254494159235e+01
1.149278506139362932e+01
1.149374595075265049e+01
1.149559717977920847e+01
1.149668018593451535e+01
1.149705990376324571e+01
1.149729887437394815e+01
1.149771784683366960e+01
1.149966293992834210e+01
1.150042389543910204e+01
1.150111756369545724e+01
1.150229287098860276e+01
1.150479561496254810e+01
1.150562299419865120e+01
1.150904713182823969e+01
1.151038728763313657e+01
1.151098194605041236e+01
1.151100808659165509e+01
1.151371512273279940e+01
1.151520218122406369e+01
1.151749260091588312e+01
1.152035359868483511e+01
1.152116284074440955e+01
1.152120906893533103e+01
1.152285004431719528e+01
1.152387696607327605e+01
1.152409977902168237e+01
1.152789502044501724e+01
1.153222284543026532e+01
1.153476096317062094e+01
1.153591549550764306e+01
1.153716856079525144e+01
1.153772532274469675e+01
1.154247307352158103e+01
1.154262986685316328e+01
1.155041414084280404e+01
1.155225615263860206e+01
1.155554718665393388e+01
1.155693094250421993e+01
1.155932706748215999e+01
1.155953336152274069e+01
1.156163971072990471e+01
1.156535121220528595e+01
1.157168884981053480e+01
1.157267326444774547e+01
1.157422087281466538e+01
1.157591387135373928e+01
1.158034621970824851e+01
1.158370585900968130e+01
1.158543268104746637e+01
1.158860424957534008e+01
1.159029993947623005e+01
1.159047138909821939e+01
1.159175751598461268e+01
1.159204850159986222e+01
1.159460150308854764e+01
1.159590812304382190e+01
1.159621515421870797e+01
1.159866435906627657e+01
1.159920996910134861e+01
1.160477456557739551e+01
1.160703001142722357e+01
1.160744373801502149e+01
1.160852911576800928e+01
1.161194637073382729e+01
1.161421939938355763e+01
1.161991364376067537e+01
1.162134527496414371e+01
1.162173605325043724e+01
1.162212276156962076e+01
1.162261858666041547e+01
1.162338120843792133e+01
1.162630811371886530e+01
1.163007700021995738e+01
1.163293467028060491e+01
1.163599689206269083e+01
1.163666240458805312e+01
1.164899958725249185e+01
1.165006647189869327e+01
1.165076313602813407e+01
1.165153775941809755e+01
1.165303095604911832e+01
1.165338936136499193e+01
1.165548926265799956e+01
1.165606063496236722e+01
1.165723002896602800e+01
1.166023315543281491e+01
1.166045253608307064e+01
1.166060914736752352e+01
1.166105601759791810e+01
1.166146651242440946e+01
1.166245778236377895e+01
1.166364182909546088e+01
1.166633107776550915e+01
1.166909649576587071e+01
1.166953884067700820e+01
1.167355724439762277e+01
1.167397818259717113e+01
1.167575389913779915e+01
1.167612475024367491e+01
1.167630994405431721e+01
1.167657671836573741e+01
1.167720546085998912e+01
1.167861007700352793e+01
1.167862826191940862e+01
1.167917887041242331e+01
1.168935134780908314e+01
1.169073856837162495e+01
1.169761078485497841e+01
1.169837736567094488e+01
1.169866499426088247e+01
1.170817516080874654e+01
1.171105990269518848e+01
1.171653209032349530e+01
1.171766025807577805e+01
1.171768843115205172e+01
1.171918230068826361e+01
1.172174673587974780e+01
1.172324210014345702e+01
1.172749115425903277e+01
1.173197646771831160e+01
1.173245208059221056e+01
1.173277631980263713e+01
1.173524242438738874e+01
1.173743409157681050e+01
1.173861970387371478e+01
1.174117177372101750e+01
1.174602898299733234e+01
1.174768767919054646e+01
1.174772435482446475e+01
1.174860743624368453e+01
1.175321139521697944e+01
1.175372688457033021e+01
1.175441913689413020e+01
1.175832125284175866e+01
1.176012260448480440e+01
1.176089035985592801e+01
1.176572077562197371e+01
1.176754308415856265e+01
1.176793007290729065e+01
1.176818601514626650e+01
1.177275361556527500e+01
1.177577691080804279e+01
1.177910944268976934e+01
1.177924052507865404e+01
1.177992067382593078e+01
1.178213212799875542e+01
1.178280633723271720e+01
1.178371456039680076e+01
1.178564052857936950e+01
1.178798627297867796e+01
1.179132586912160008e+01
1.179777155093595375e+01
1.180378262979469639e+01
1.180672713374912419e+01
1.180946587761370381e+01
1.181221428527816997e+01
1.181718941619372210e+01
1.181727348322807103e+01
1.182100910013142681e+01
1.182109243683732203e+01
1.182721586197524744e+01
1.182739859722725662e+01
1.182769815330649976e+01
1.182813578346612360e+01
1.182854368658978927e+01
1.183078792124125656e+01
1.183221880790779856e+01
1.183236235797514091e+01
1.183283155435627521e+01
1.183292892825274834e+01
1.183636534906711013e+01
1.183681965132630154e+01
1.183702890740134173e+01
1.183992571884535572e+01
1.184067972675542713e+01
1.184331052321345545e+01
1.184496910294638816e+01
1.184867250343609513e+01
1.185288698783877592e+01
1.185290293521249083e+01
1.185461439441562170e+01
1.185521906690027372e+01
1.185895800460156480e+01
1.186249796260820766e+01
1.186394023297118139e+01
1.186526408896868823e+01
1.186606119383873725e+01
1.186910536846285424e+01
1.186928219179461941e+01
1.187194140254337249e+01
1.187207632394501822e+01
1.187424329977134896e+01
1.187612949994249512e+01
1.187735275230872922e+01
1.188290919043376981e+01
1.188397949985989221e+01
1.188833911973315516e+01
1.189079510621832014e+01
1.189238354671198117e+01
1.189370164344628655e+01
1.189462036712121851e+01
1.189470334306566990e+01
1.189772574677762940e+01
1.190038088789961890e+01
1.190173652185133690e+01
1.190332319840299569e+01
1.190382351835893360e+01
1.191266207555950452e+01
1.191565797447188757e+01
1.191664748163941745e+01
1.191765895327517200e+01
1.191782582337629393e+01
1.191911916877812594e+01
1.192250151515134071e+01
1.192378616968488991e+01
1.192525620387892715e+01
1.192860489858293782e+01
1.193143750289772775e+01
1.193197056225633190e+01
1.193475625143335428e+01
1.193901906482454045e+01
1.194637827637235539e+01
1.194672569966388309e+01
1.194756976203656862e+01
1.194806297856134947e+01
1.194846554931958416e+01
1.195289820960981864e+01
1.195301837504422870e+01
1.195532569718445792e+01
1.195706395037708525e+01
1.195862969855716429e+01
1.196384672404924032e+01
1.196749563636322122e+01
1.196898256864587928e+01
1.197369144494958348e+01
1.198085840875673824e+01
1.198233409239090541e+01
1.198476974082069191e+01
1.198870386970975410e+01
1.199088608323421212e+01
1.199372591403495747e+01
1.199389277593083314e+01
1.199423886337651268e+01
1.200234279311787233e+01
1.200615182316141549e+01
1.200760283201852907e+01
1.200964389549581313e+01
1.200998549451622921e+01
1.201700844388098766e+01
1.201782534453523965e+01
1.202080866423567862e+01
1.202726704541800729e+01
1.202835046660112006e+01
1.203101954252302619e+01
1.203553005205282211e+01
1.203682585670424920e+01
1.204605700675524105e+01
1.204927715158765800e+01
1.205393070509887643e+01
1.205593189960624301e+01
1.205748116746359244e+01
1.206221585180817435e+01
1.206270084922874553e+01
1.206505018429232656e+01
1.207125252278380678e+01
1.207174508167637050e+01
1.207211018435705796e+01
1.207537294659969973e+01
1.207618343090247492e+01
1.207909964814360215e+01
1.208117108498726111e+01
1.208209679091502053e+01
1.208634404165199250e+01
1.209159975505180640e+01
1.209160183363605690e+01
1.209385609898604486e+01
1.209792234364271124e+01
1.210190682543431784e+01
1.210225269907066092e+01
1.210247358808764950e+01
1.210364032816791457e+01
1.211410972823481380e+01
1.211520520854594274e+01
1.211601403467943605e+01
1.211761557133750422e+01
1.211840327907231440e+01
1.211932227936441286e+01
1.212463216435087965e+01
1.212943886919123493e+01
1.213030135127333153e+01
1.213097219026331608e+01
1.213116817275286863e+01
1.213312483702855182e+01
1.213318307264273166e+01
1.213371334344721753e+01
1.213717527037210608e+01
1.213784015490942458e+01
1.214035085750410481e+01
1.214303814446528307e+01
1.214618566204041272e+01
1.214862593844467753e+01
1.215866271355633188e+01
1.216019568581046961e+01
1.216081802772961673e+01
1.216151278394314517e+01
1.216833943780910587e+01
1.216837898431788467e+01
1.216917927034428182e+01
1.217532575909825354e+01
1.217755596393152473e+01
1.217807564734210146e+01
1.218040428701532996e+01
1.218210909822148658e+01
1.218340604645606540e+01
1.218508864160537541e+01
1.218812740816351869e+01
1.219253869288451853e+01
1.219515790241347197e+01
1.219669418131360672e+01
1.219671041245259957e+01
1.220347643354107170e+01
1.220791826578382455e+01
1.221246076306692352e+01
1.221379511904751425e+01
1.221640831660205784e+01
1.221687693664683216e+01
1.221921805207132650e+01
1.222012934270405893e+01
1.222930294720411126e+01
1.224053675255877494e+01
1.225214282150678358e+01
1.225298817569067289e+01
1.226056653848828759e+01
1.226907419227247864e+01
1.227304777779285594e+01
1.227434394681601759e+01
1.227521191131659783e+01
1.227591464044157021e+01
1.227939950532962143e+01
1.228144529551553532e+01
1.228153809867513147e+01
1.228539882426552232e+01
1.228826156258569391e+01
1.229240020868498107e+01
1.229775317769047760e+01
1.230407127045301863e+01
1.230515243991279917e+01
1.230585596592609932e+01
1.230773478475934368e+01
1.231736633360852196e+01
1.231761527622031238e+01
1.232135827023662955e+01
1.232658545539882766e+01
1.233179581680179027e+01
1.233221048669703634e+01
1.233557268586222655e+01
1.234558598636466087e+01
1.235119285820888813e+01
1.235179834640637253e+01
1.235582969180116386e+01
1.235709285336361773e+01
1.235942523045806141e+01
1.236193606126099453e+01
1.236941535813259918e+01
1.237011047296775246e+01
1.237259179322428082e+01
1.237628889725414183e+01
1.237697526919595070e+01
1.238116558075442875e+01
1.238262996160441354e+01
1.238902661594407917e+01
1.239421146122936612e+01
1.240184669883722002e+01
1.240368712279136432e+01
1.240473565643329934e+01
1.240660830780494983e+01
1.240691838547525627e+01
1.240720230910191546e+01
1.240752449662046608e+01
1.241068621942994099e+01
1.241123675913579127e+01
1.241404054336183727e+01
1.241438292584913405e+01
1.241470786445429475e+01
1.241923843978098319e+01
1.242609350544133839e+01
1.242679085151273455e+01
1.243905892637131672e+01
1.244249007091897852e+01
1.244574534217124118e+01
1.245801993804987262e+01
1.245878847248053489e+01
1.246373442415384325e+01
1.246378842191807657e+01
1.246444391917677308e+01
1.246924691089895099e+01
1.247523904274569340e+01
1.247575536255501127e+01
1.247616282678801980e+01
1.247691260599547647e+01
1.247759802155231057e+01
1.247981495103601723e+01
1.248056850860968581e+01
1.248183316071792603e+01
1.248450270793640904e+01
1.248944677618572818e+01
1.249228582543633337e+01
1.249256867730357534e+01
1.249444029948940305e+01
1.249583558295981156e+01
1.249819014606205769e+01
1.249872796999163782e+01
1.250016477031152995e+01
1.250235575917888653e+01
1.250239314364033305e+01
1.250567077991279774e+01
1.250569936308207453e+01
1.250844069216875631e+01
1.250934147358986870e+01
1.251469641783044828e+01
1.251545298841069886e+01
1.251709620939670664e+01
1.252236719846790614e+01
1.252236791146139794e+01
1.252664489194784636e+01
1.252675925871408857e+01
1.253406651927035043e+01
1.254248293473091991e+01
1.254392377971872463e+01
1.254641934362198441e+01
1.255015264218853765e+01
1.255022137879871380e+01
1.255078085540993271e+01
1.255107502958688670e+01
1.255114481043942831e+01
1.255867971012473205e+01
1.256160859611513558e+01
1.256433855944100841e+01
1.256529341594716698e+01
1.256563868937482731e+01
1.256757552796414856e+01
1.256898751527400293e+01
1.256951454437642823e+01
1.257352594261141299e+01
1.257496480309687215e+01
1.257561214882366762e+01
1.257779703636295032e+01
1.258363667719513757e+01
1.258693875931735739e+01
1.258771962804849309e+01
1.259076519938257555e+01
1.259125017966121973e+01
1.260171501612835954e+01
1.260274988308758992e+01
1.261826504276523764e+01
1.262309626956272268e+01
1.262785040180740026e+01
1.262874732902231401e+01
1.263273106685309699e+01
1.263690319298624409e+01
1.264306627804887384e+01
1.264320901973718314e+01
1.264598133188651019e+01
1.266043137155497433e+01
1.266316894227209033e+01
1.266521872538123361e+01
1.266624619464425727e+01
1.266708334310992790e+01
1.266716653779118751e+01
1.267614849980457592e+01
1.268788163106195910e+01
1.268918747014700976e+01
1.269106743747567378e+01
1.269327892714986028e+01
1.269333726699505860e+01
1.269521969661660954e+01
1.269845400996053542e+01
1.270100223599888878e+01
1.270232496230860697e+01
1.270289653767159166e+01
1.270342035623587940e+01
1.270483187961459670e+01
1.270717582309095839e+01
1.270761118448029592e+01
1.270787317328318622e+01
1.272190034741721654e+01
1.272892683659274304e+01
1.272930792570083369e+01
1.273464914856821117e+01
1.273548693913691388e+01
1.274792376299877361e+01
1.275453475767381661e+01
1.275665142180187672e+01
1.275695858955210760e+01
1.276622318090674746e+01
1.276835581667338992e+01
1.277156638711463899e+01
1.277348587672831570e+01
1.277938886563330456e+01
1.278082760493318659e+01
1.278393119611878070e+01
1.278507131993077373e+01
1.279099979028810452e+01
1.279175095658504269e+01
1.279417883997726868e+01
1.279530943140149901e+01
1.280180398624597871e+01
1.280473285788406024e+01
1.280965891740250839e+01
1.281006274382903420e+01
1.281088775992631135e+01
1.281134795303900731e+01
1.281603656106405964e+01
1.281819512905994429e+01
1.281839968189059142e+01
1.282130645581341533e+01
1.282444352812508370e+01
1.282985131830183434e+01
1.283194474064386625e+01
1.283229079744752710e+01
1.283322707550921038e+01
1.283473323462333227e+01
1.284592540756112555e+01
1.284743154309626867e+01
1.285215597984035441e+01
1.285285944335237041e+01
1.286445002360411394e+01
1.286448995555829278e+01
1.287668127260380402e+01
1.288131552455950057e+01
1.289101317988892959e+01
1.289183591169394560e+01
1.289323482740005744e+01
1.289536515500667591e+01
1.289955774727067350e+01
1.290303171016852879e+01
1.291077460625047735e+01
1.291160285432877863e+01
1.291287178590635953e+01
1.291468575978680811e+01
1.292183018669205019e+01
1.292371969819689603e+01
1.292458830464069308e+01
1.292530577089387478e+01
1.292577345259388366e+01
1.292749951331906111e+01
1.292976753032144188e+01
1.293383822009376871e+01
1.293514018289583589e+01
1.293591251811818843e+01
1.294420470626993769e+01
1.294452421963503852e+01
1.294964948687629125e+01
1.295331569829025398e+01
1.295532321484744287e+01
1.296249890784943481e+01
1.296674397640113341e+01
1.296834031165007417e+01
1.296948217349590848e+01
1.297039444562022759e+01
1.297386859242396540e+01
1.297996950249432757e+01
1.298637102146513556e+01
1.299216938920182862e+01
1.300291497970683530e+01
1.300386811305759593e+01
1.300480268482573720e+01
1.300531699584691481e+01
1.300779244590041195e+01
1.300967657515572640e+01
1.301231820490904489e+01
1.301315307364139251e+01
1.301541460889782975e+01
1.301616792828318836e+01
1.302357636123278262e+01
1.302510345104913370e+01
1.302519524819059882e+01
1.302705760968112614e+01
1.302744528289589709e+01
1.303049235583600307e+01
1.303144154947055711e+01
1.303230518843147578e+01
1.303363955912388938e+01
1.303485953597859037e+01
1.303490125025997060e+01
1.303834544974691489e+01
1.304103614594563432e+01
1.304456079509341926e+01
1.304631668215336759e+01
1.305040436579817786e+01
1.305302465379802079e+01
1.306235623703262050e+01
1.306259756089140645e+01
1.306472179788622690e+01
1.307297267383691697e+01
1.307411050629501048e+01
1.307496836065072188e+01
1.307511753910844554e+01
1.307920014241105733e+01
1.308443664256483530e+01
1.308817257662312805e+01
1.309564448702372985e+01
1.309721683351066446e+01
1.309915679613668793e+01
1.309978094533624926e+01
1.310512599828603086e+01
1.310878825300842543e+01
1.311084315187541804e+01
1.311237542570094128e+01
1.311878427454305651e+01
1.312366841165923148e+01
1.312407540954362162e+01
1.312837795572048449e+01
1.313886435049430546e+01
1.315524919002588433e+01
1.316162324109110138e+01
1.316671042842421713e+01
1.316740753461670721e+01
1.316849130722856032e+01
1.317710489689745934e+01
1.318707697031018000e+01
1.318973607886876920e+01
1.319132442384499626e+01
1.319192452169918717e+01
1.319288248476435932e+01
1.319481957768623737e+01
1.320540501237804420e+01
1.321039453208549297e+01
1.321357543408602986e+01
1.321444698417780828e+01
1.321532305540115360e+01
1.321536631623605018e+01
1.321964016252526086e+01
1.322125975382973806e+01
1.322221833020363491e+01
1.322671976936321947e+01
1.322784211118573516e+01
1.322892050466342972e+01
1.324566518176908581e+01
1.324763625040259285e+01
1.325005726698255515e+01
1.325548696192059950e+01
1.325622174476345450e+01
1.325675430121482279e+01
1.325978335635021566e+01
1.326192164232278259e+01
1.326502843051922476e+01
1.327449455872661410e+01
1.327500271836817447e+01
1.327525559079008133e+01
1.327702473674575145e+01
1.328340395965887488e+01
1.329249221587759777e+01
1.329258633628015218e+01
1.329799335530162807e+01
1.330497672700375489e+01
1.331437904175774811e+01
1.332073078871429672e+01
1.332956706445789230e+01
1.333086921367909738e+01
1.333164656716941998e+01
1.333607057311777133e+01
1.333656944978909564e+01
1.333760027987712071e+01
1.333984545184400972e+01
1.334236392314598518e+01
1.334522252432910250e+01
1.337157711566865714e+01
1.337165824978626461e+01
1.337279489588388159e+01
1.337486115555952892e+01
1.338352975406220224e+01
1.342191072457858780e+01
1.342237085393411711e+01
1.343408761836601428e+01
1.344971929133063604e+01
1.345493694548419583e+01
1.346603068848953022e+01
1.347459559663149520e+01
1.349329213395452065e+01
1.349563393995711813e+01
1.349674915836636302e+01
1.349948964478925184e+01
1.350213255013119706e+01
1.351086707238172124e+01
1.351559611521426874e+01
1.351939858843747189e+01
1.352040047206113726e+01
1.352659870886019711e+01
1.352670594726575715e+01
1.352803239570189930e+01
1.354970514863300934e+01
1.355676113917941805e+01
1.356153591565261607e+01
1.356204841974940223e+01
1.356302798642502339e+01
1.356858594101489857e+01
1.357801546013126526e+01
1.357931608293684000e+01
1.358548490956473742e+01
1.358833105792184170e+01
1.359289776478859757e+01
1.359458647385880425e+01
1.359531292692193105e+01
1.360196777351394459e+01
1.360620684773469691e+01
1.360707074993687549e+01
1.360764182939514733e+01
1.362150568156504882e+01
1.362365430621701279e+01
1.362698575204542273e+01
1.362920471165406155e+01
1.365701126759874562e+01
1.366122674092324552e+01
1.366337825066654155e+01
1.367608566387624869e+01
1.367989875172781211e+01
1.368098583312987238e+01
1.369073071312088707e+01
1.369093783660377639e+01
1.369113007774100232e+01
1.369943589390869754e+01
1.370006254626817999e+01
1.370197753265496310e+01
1.370825824091675216e+01
1.370955292514603308e+01
1.371418962570572653e+01
1.372436512309072576e+01
1.372669975655969488e+01
1.373339676238686913e+01
1.374292162841773823e+01
1.374348205999731221e+01
1.374594854728397131e+01
1.375352727156742638e+01
1.375626246695689758e+01
1.376269565013486762e+01
1.377391642706128927e+01
1.377959564350059196e+01
1.379943592763159188e+01
1.380190233614230522e+01
1.380485570451206456e+01
1.381412126220236303e+01
1.383517067625597186e+01
1.383730056652537854e+01
1.384180499956475252e+01
1.384265030418580977e+01
1.386007733714887102e+01
1.386220443494274868e+01
1.386950105880421980e+01
1.387573315882233338e+01
1.388003601178630930e+01
1.388065252901923508e+01
1.388661845965118680e+01
1.390118047997435724e+01
1.391062317288126948e+01
1.391583065552354803e+01
1.391592124171260636e+01
1.392160543342755830e+01
1.392539764068388308e+01
1.393635141856609039e+01
1.393639976697668281e+01
1.393680821749330967e+01
1.394441375202924682e+01
1.395057618238124952e+01
1.397178749695640398e+01
1.397543800511412115e+01
1.397840702448767303e+01
1.398329580521195048e+01
1.398567690985550982e+01
1.399002222020018316e+01
1.399402148150965175e+01
1.399620243057737667e+01
1.400161079718686352e+01
1.400626495214398837e+01
1.400754120748432285e+01
1.401101723770967133e+01
1.403492452683175173e+01
1.403537499431113744e+01
1.403746555956451125e+01
1.404586831263543267e+01
1.405285876241443610e+01
1.406011510738772508e+01
1.407154855758023437e+01
1.407294014523586334e+01
1.407602664669525971e+01
1.408195152059721345e+01
1.408243773171498781e+01
1.409057127190038727e+01
1.409655569018843657e+01
1.410332664951437565e+01
1.411849821254073944e+01
1.411912327969042380e+01
1.412045255567288926e+01
1.413542018785166299e+01
1.413773586790595616e+01
1.413865718843266706e+01
1.414444760426917469e+01
1.414526996362490863e+01
1.416349734776758140e+01
1.416536534007379267e+01
1.417855104226124574e+01
1.418278549037243508e+01
1.418775132730386268e+01
1.419343238938427199e+01
1.419890611625647026e+01
1.420749192672186645e+01
1.420927764348259004e+01
1.421834679974720572e+01
1.422552688647115460e+01
1.423164800116676432e+01
1.424911187608955032e+01
1.425332359031164486e+01
1.426562296160537535e+01
1.428085096242570984e+01
1.428270566135428332e+01
1.428420215066849863e+01
1.428656084424239303e+01
1.429371261205350230e+01
1.429456281293624542e+01
1.430389775699434729e+01
1.433175245466686043e+01
1.436192409967887684e+01
1.438274580479372489e+01
1.438736772155902699e+01
1.438773073284817094e+01
1.438991741595918938e+01
1.439265524275511687e+01
1.442301194111760232e+01
1.445391339435967915e+01
1.447329646804118575e+01
1.447435647519696289e+01
1.448707613816817208e+01
1.452227057777408170e+01
1.452370859891818178e+01
1.453216375121107973e+01
1.453843668771383690e+01
1.454581022356929232e+01
1.456231114204742561e+01
1.456528845748345269e+01
1.458377799142595421e+01
1.459213090842611926e+01
1.460857650412888731e+01
1.463319647548084568e+01
1.464219014050726742e+01
1.465233360603703794e+01
1.465470432692231384e+01
1.465545174844007015e+01
1.467738453216178129e+01
1.470268326530979763e+01
1.470949963042134812e+01
1.470979470214848028e+01
1.471343068392360109e+01
1.473354505922106661e+01
1.474282310050996614e+01
1.475507094149971010e+01
1.475847285523908958e+01
1.475961323081678600e+01
1.477581823799807914e+01
1.477725022876167849e+01
1.478470676995536337e+01
1.478508234595300053e+01
1.480072699311231510e+01
1.482500565825277050e+01
1.483124418523127552e+01
1.483199474591610389e+01
1.486402692140604032e+01
1.490632658168896718e+01
1.492137285847053896e+01
1.493502399295522665e+01
1.496533939646421629e+01
1.496674323584738175e+01
1.497027523062627807e+01
1.500681715858391385e+01
1.506308529135525909e+01
1.511652918523400224e+01
1.511685822140642088e+01
1.511819996021590917e+01
1.512078758038136961e+01
1.515104297618862716e+01
1.515546951256262176e+01
1.517976292690712725e+01
1.518314279243169374e+01
1.520556697975389859e+01
1.520625671257599620e+01
1.521307837726540590e+01
1.521413960932377840e+01
1.527140775254775562e+01
1.527516178030596272e+01
1.528057274923861542e+01
1.529218673964239805e+01
1.529459323708714891e+01
1.529722030494104601e+01
1.532309920255480407e+01
1.533734386628183799e+01
1.537002148890944753e+01
1.537023620725195094e+01
1.541764444424978464e+01
1.542012712503192162e+01
1.543130828360060036e+01
1.545514970247860376e+01
1.547040151541657060e+01
1.547590795861752078e+01
1.552848603793183102e+01
1.554833849773622312e+01
1.554907906916912630e+01
1.555499670637062515e+01
1.556527405451854307e+01
1.558180650453974181e+01
1.560672613079794857e+01
1.567736992520427997e+01
1.572050202388217421e+01
1.580492710432051418e+01
1.580626162140311131e+01
1.585992477435540948e+01
1.589180205801923229e+01
1.589851036407095286e+01
1.593911590011724222e+01
1.598690005877381637e+01
1.601992047648072415e+01
1.608542484452450694e+01
1.614812501525558019e+01
1.618397373093348435e+01
1.618566250510836468e+01
1.620834386467975818e+01
1.625331262319816972e+01
1.626392603263697012e+01
1.627037164748605136e+01
1.630077536425488915e+01
1.630747716186650109e+01
1.631291522844747277e+01
1.638286288287790882e+01
1.640045681272346201e+01
1.643224676638808290e+01
1.644929204667195677e+01
1.663747688812713932e+01
1.672403337327447659e+01
1.681604219256183441e+01
1.688200606214859079e+01
1.712125381072989683e+01
1.718458378145226817e+01
1.726114328421362032e+01
1.728055846345848323e+01
1.972690279131476032e+01
