2.818705269071650754e+00
2.962952126993315005e+00
3.455361710768305006e+00
3.761528241657701166e+00
3.864734826604709017e+00
3.889508310127104185e+00
3.970259116392534704e+00
4.032647526707265229e+00
4.110245218986014137e+00
4.147753679122376802e+00
4.157266510888863564e+00
4.165259326193483602e+00
4.194752148620302989e+00
4.258887127541299833e+00
4.263285186928444936e+00
4.271614988766623711e+00
4.272623374350082770e+00
4.343693492979268100e+00
4.349738119290328164e+00
4.438818293323438802e+00
4.491223791360392070e+00
4.512282444678353599e+00
4.540976332542287608e+00
4.551873984488722158e+00
4.566504628657097165e+00
4.579022374540636875e+00
4.605458259289796352e+00
4.665643563091331991e+00
4.702955204458328708e+00
4.712768326992819112e+00
4.739879742901058179e+00
4.785763338020358582e+00
4.840628644229624911e+00
4.888866812039379894e+00
4.899981152914344662e+00
4.908592077576238388e+00
4.927436352992090818e+00
4.935357967738483786e+00
5.016760556699155771e+00
5.023524524168605510e+00
5.032069613364047456e+00
5.069784723732273513e+00
5.075373217974300744e+00
5.077437885829794162e+00
5.144644090657852331e+00
5.243402501850184194e+00
5.253323751930698116e+00
5.275229178851818190e+00
5.283097360459859004e+00
5.318242321323367605e+00
5.351231888498162448e+00
5.368867840394718982e+00
5.391961241867990751e+00
5.405732280133494605e+00
5.453250772519506739e+00
5.460732278201552603e+00
5.465842398361996146e+00
5.489598971506051583e+00
5.496607672912106501e+00
5.497794823723576307e+00
5.546776140029829882e+00
5.553843596068433364e+00
5.556010794640529937e+00
5.558392421087460455e+00
5.596196257204608671e+00
5.618668505594767382e+00
5.681793292914833593e+00
5.697861604875028796e+00
5.737619259030186214e+00
5.738099086624661282e+00
5.741899438019497204e+00
5.746400960272577407e+00
5.752382243720611577e+00
5.770659121042819528e+00
5.773359198139702997e+00
5.805217939368880309e+00
5.822237561801864025e+00
5.835553995308000452e+00
5.837678128681242029e+00
5.840604137372174876e+00
5.864886947114889004e+00
5.872123785517262995e+00
5.922768460478224029e+00
5.924486432327603858e+00
5.938850750975094073e+00
5.961751092368175797e+00
5.991865509647682941e+00
5.997152469968413335e+00
6.004430876081175761e+00
6.017632019108030583e+00
6.038028923157837902e+00
6.040934104721612741e+00
6.042101055818443811e+00
6.052320759765209779e+00
6.060802529838754005e+00
6.063601674679325981e+00
6.090163063233180907e+00
6.102344659437658692e+00
6.112861037253104257e+00
6.113412304631410166e+00
6.132369911318624744e+00
6.140680625936603576e+00
6.152228269224306878e+00
6.156623189275260977e+00
6.169789149383609228e+00
6.169807448400892014e+00
6.177619501887813946e+00
6.209999478987177746e+00
6.210312915829244496e+00
6.218923617534379389e+00
6.239629646944319319e+00
6.243054129632793270e+00
6.246667861680798239e+00
6.258632250141156206e+00
6.261746247845095148e+00
6.263692623843145846e+00
6.269753354644296728e+00
6.273993910703181243e+00
6.276464065565639849e+00
6.281949685904368863e+00
6.285698990515806273e+00
6.294588872968281734e+00
6.305124686083400931e+00
6.321262028184647441e+00
6.339448369800397387e+00
6.348917623728423720e+00
6.359050345129470649e+00
6.363142408843883047e+00
6.363665586718753708e+00
6.393358398083076821e+00
6.401581719884530841e+00
6.405723627177652091e+00
6.417075508540571072e+00
6.418195308528962251e+00
6.423660352401470597e+00
6.442893084047432772e+00
6.444506823809948770e+00
6.447483927569116702e+00
6.460072786689129209e+00
6.462936909482282388e+00
6.463774905122154912e+00
6.481099749800913301e+00
6.489924301038199062e+00
6.503424799448417559e+00
6.515982111245117281e+00
6.517193793400283930e+00
6.534346550286537436e+00
6.536200553289699400e+00
6.556611092991481371e+00
6.571762248672333051e+00
6.577929439898209552e+00
6.579538144734634386e+00
6.582947487246851637e+00
6.590600388221492523e+00
6.596489276897193221e+00
6.597614488503014130e+00
6.602650379946140013e+00
6.611409427637935821e+00
6.633487798629862375e+00
6.640053393339830912e+00
6.661260640886602857e+00
6.663951408743710836e+00
6.665002698405071868e+00
6.665610043003979968e+00
6.668752575830939833e+00
6.669618802412376368e+00
6.672115484461929036e+00
6.680151047025868927e+00
6.685294019450019221e+00
6.700680498448777556e+00
6.715174280583140920e+00
6.716600703704050268e+00
6.729934733318343021e+00
6.731970383454402906e+00
6.734458749518819509e+00
6.735963588801330282e+00
6.739908638195051260e+00
6.740301307741280112e+00
6.745898249401959035e+00
6.751541589454041592e+00
6.751717131071474753e+00
6.764281085076485844e+00
6.776562209035328799e+00
6.779244465393223784e+00
6.780326195571429793e+00
6.780647256921579213e+00
6.790769797682070674e+00
6.792109081072855936e+00
6.794736296436605372e+00
6.795993079446045471e+00
6.806776996726918050e+00
6.808960395031677493e+00
6.810483949893524347e+00
6.834123708074655745e+00
6.839486265528458731e+00
6.842270047141074230e+00
6.855962100807288628e+00
6.867302900830441814e+00
6.873707833419267388e+00
6.880063987575274709e+00
6.883072170747276175e+00
6.890411520544808432e+00
6.900478744346542292e+00
6.914782381477784234e+00
6.914827207721400804e+00
6.928045347241058138e+00
6.934430511835321553e+00
6.939802258981035976e+00
6.955294219498288300e+00
6.955482425103468813e+00
6.956709539858158209e+00
6.973217306211657807e+00
7.001109787628330139e+00
7.011802442015351744e+00
7.015870223639891989e+00
7.018756823044182802e+00
7.032629962860614370e+00
7.035245869787429385e+00
7.036704620132992360e+00
7.038922716795003254e+00
7.040813287681627841e+00
7.049117937302173509e+00
7.052344250427502459e+00
7.059267647770035126e+00
7.063640990584335810e+00
7.069739025982129554e+00
7.074638737787456222e+00
7.075587584079904069e+00
7.082019858507271337e+00
7.082483648682648791e+00
7.082724708256329826e+00
7.086936052136609376e+00
7.092165980134261360e+00
7.096312140347128761e+00
7.097338709740569129e+00
7.097458509312766672e+00
7.106008858795572536e+00
7.118807763066000049e+00
7.119466093082500002e+00
7.123873259108680855e+00
7.125021926721722743e+00
7.127959779967638632e+00
7.136005963900983851e+00
7.143763776087411976e+00
7.145108834660658381e+00
7.147286258562207450e+00
7.158698817737459308e+00
7.161851272801705193e+00
7.163372098463335114e+00
7.167247404823582357e+00
7.168461448242595679e+00
7.181880468681566931e+00
7.189368269336430473e+00
7.197886903710106310e+00
7.207784463242533413e+00
7.207901064657836088e+00
7.209427482103654583e+00
7.216082225693720709e+00
7.218075042491334692e+00
7.218373172885154787e+00
7.219171695114983578e+00
7.230272567546240481e+00
7.232311997755029864e+00
7.234296317389598663e+00
7.237992998992017313e+00
7.240125734708510841e+00
7.245610305789998762e+00
7.249875142746545542e+00
7.253156049433024499e+00
7.262518301557109979e+00
7.262747851512796338e+00
7.279959382822569935e+00
7.286257884887135994e+00
7.288262153927694165e+00
7.294502076314220318e+00
7.299454833377871488e+00
7.301742617742454478e+00
7.312561869462110842e+00
7.312585683487186294e+00
7.313278374116434222e+00
7.356315917519375525e+00
7.356659802768166223e+00
7.357248102906708276e+00
7.358346900564025184e+00
7.359381084461134037e+00
7.359982639001366955e+00
7.361832645449100099e+00
7.368077634253630492e+00
7.369470379719290420e+00
7.373153403008867457e+00
7.373442794881778006e+00
7.375085039897609107e+00
7.382484949186872036e+00
7.385969738539458262e+00
7.388057115140129305e+00
7.392015058566016705e+00
7.402069516634757207e+00
7.403717929035463108e+00
7.407879704348973249e+00
7.409213759690665313e+00
7.410771173454778982e+00
7.411079881643562572e+00
7.439779616448082500e+00
7.439914544416508235e+00
7.440189723848981806e+00
7.455133349039090973e+00
7.465183888016919234e+00
7.473372894561590485e+00
7.479912949043204584e+00
7.485968066773241780e+00
7.501277512993556940e+00
7.503338903432320350e+00
7.509148164610770948e+00
7.511653420120046221e+00
7.514809206216870763e+00
7.524497434756116654e+00
7.532887837967018996e+00
7.535445301943807017e+00
7.549334078744109888e+00
7.557722308173743464e+00
7.558150054031880671e+00
7.559225754809406617e+00
7.559230391498848789e+00
7.566232304103977846e+00
7.575210104882600604e+00
7.581182605282133835e+00
7.581426280448342325e+00
7.581823550252308586e+00
7.584639699136062951e+00
7.585090215434473926e+00
7.589827106254787736e+00
7.596428444531948543e+00
7.597059164345717264e+00
7.604303784592884696e+00
7.606695965464220777e+00
7.612557876233512211e+00
7.613565186318683509e+00
7.617212170138165206e+00
7.619307641463835878e+00
7.637332686286826267e+00
7.640211485152358151e+00
7.641544456946261832e+00
7.642610216684443181e+00
7.642888225244352185e+00
7.643967620169453525e+00
7.651629296840788186e+00
7.652511023306709959e+00
7.655248203829287945e+00
7.655569841281647747e+00
7.662050480932835583e+00
7.669776270795915174e+00
7.670627153587333602e+00
7.672511612052621999e+00
7.678462073772795549e+00
7.689551747491668365e+00
7.690829341533500951e+00
7.698948531104264248e+00
7.709847693707272853e+00
7.723083445267179492e+00
7.723749204511580757e+00
7.731661910311986574e+00
7.736775774861401445e+00
7.739399268042530089e+00
7.745299061422459275e+00
7.750232619030375858e+00
7.750475164033137077e+00
7.751378578072015024e+00
7.754674549957897511e+00
7.754800147964161283e+00
7.769725709080466558e+00
7.770962046272846813e+00
7.781314275816612280e+00
7.782270540039649909e+00
7.785991288683138833e+00
7.787735343220342443e+00
7.790902643699392449e+00
7.799502052546166908e+00
7.801216455301219099e+00
7.804888287768704913e+00
7.805644937037733655e+00
7.807381030989143156e+00
7.807453466470959391e+00
7.811951049046329310e+00
7.813313578899713896e+00
7.815022096177954403e+00
7.817028489936436841e+00
7.817726201161768529e+00
7.817924488280978856e+00
7.824891026149634499e+00
7.828847371543681710e+00
7.831076592736252451e+00
7.832656592826483077e+00
7.833423971543680864e+00
7.833916932622090989e+00
7.840000762727041383e+00
7.840031101998936158e+00
7.840664694138501645e+00
7.848787979282477956e+00
7.851505834294028041e+00
7.852892610330060918e+00
7.858839770969030525e+00
7.861689399500833453e+00
7.865217696977359729e+00
7.866824686659687593e+00
7.868494019433043718e+00
7.871017316227959526e+00
7.871505534348316679e+00
7.880841076448476201e+00
7.887510805229975830e+00
7.895071173179736057e+00
7.900743749525698689e+00
7.902689250185787273e+00
7.910484570860925935e+00
7.916272732046280680e+00
7.921595239471628247e+00
7.922074132623669662e+00
7.922176520041158909e+00
7.924216183448458573e+00
7.927922541742756124e+00
7.931436158321891305e+00
7.936547571498472564e+00
7.942069505742823665e+00
7.945478469259209753e+00
7.948335419256623346e+00
7.952021811251997363e+00
7.956058286095406551e+00
7.956378831492072479e+00
7.956997238885775481e+00
7.966380627063063713e+00
7.967040155754966158e+00
7.968566719398531895e+00
7.969407105323545792e+00
7.971509662819801001e+00
7.979741367991958434e+00
7.980561691915308842e+00
7.983715243099096526e+00
7.984195468577440558e+00
7.985489432191754666e+00
7.997410819623146594e+00
7.997415391566534026e+00
8.001032470722824641e+00
8.001655241649283212e+00
8.003597913550397180e+00
8.006498530621568577e+00
8.011227782408067100e+00
8.020952050758657137e+00
8.020969560666241449e+00
8.022741897658271171e+00
8.024262379707709059e+00
8.026732020605345852e+00
8.027975981957242269e+00
8.029274162422487038e+00
8.033095037966699437e+00
8.033428645900439591e+00
8.041245641603962824e+00
8.044158181923894091e+00
8.045291546548057227e+00
8.057022446976645824e+00
8.060604499389928179e+00
8.063920726762221491e+00
8.067432050504111274e+00
8.067510097296713312e+00
8.067622851408694729e+00
8.067907170494752478e+00
8.069636867159584170e+00
8.071139524313064584e+00
8.076922849194964726e+00
8.077206874172080830e+00
8.077395728782121864e+00
8.081956956409936055e+00
8.085382958198263026e+00
8.087003673356075950e+00
8.092012720317814711e+00
8.095612783516894950e+00
8.102605978267162001e+00
8.105417664979595926e+00
8.109822013579504940e+00
8.109918133279041541e+00
8.110866304747016642e+00
8.114187085385843545e+00
8.114765265431080010e+00
8.117551766486343467e+00
8.118101758379149047e+00
8.119304636128212849e+00
8.120753147926032867e+00
8.125279266943767453e+00
8.125620541558117083e+00
8.125828259738652193e+00
8.128130411975627467e+00
8.129633863899657698e+00
8.133676770914414433e+00
8.136755383216101478e+00
8.139838989988486873e+00
8.140007848551972458e+00
8.145782190802631106e+00
8.145788632659703765e+00
8.148395794833191985e+00
8.149924799651728335e+00
8.151122411355839148e+00
8.151426222818308531e+00
8.153960507768154287e+00
8.158542116121934029e+00
8.162145548882456580e+00
8.162653521313236737e+00
8.164671303354371190e+00
8.173601469069842196e+00
8.178397745690798359e+00
8.178843536487473642e+00
8.180444685032860264e+00
8.184457022593054631e+00
8.184610663245230455e+00
8.187332940288719385e+00
8.189884684535638115e+00
8.192378888628926603e+00
8.197739819245265736e+00
8.199871214709459011e+00
8.202054814926485804e+00
8.202274382411857800e+00
8.203347709951348321e+00
8.204373459341272934e+00
8.209109036335505039e+00
8.209322813776697814e+00
8.212880076604200497e+00
8.214429223986737583e+00
8.226118360463141599e+00
8.232727931293926105e+00
8.234659564702324630e+00
8.238683721971854723e+00
8.241906599495823826e+00
8.242838981854660574e+00
8.246742499273956639e+00
8.246771672167742651e+00
8.247257231501835761e+00
8.247326252388003098e+00
8.248630268317548087e+00
8.249233486827968420e+00
8.250040195037209756e+00
8.252552837173023903e+00
8.253657146899197272e+00
8.256534616712322361e+00
8.263953472439689918e+00
8.264104225265599624e+00
8.264545275909723543e+00
8.264755052342446007e+00
8.266633072036368546e+00
8.268865827447935857e+00
8.281388478771896544e+00
8.282722845009585555e+00
8.282941978501796143e+00
8.288294582167715419e+00
8.291552087390666514e+00
8.292982221932572173e+00
8.294488006148888815e+00
8.294975576365125391e+00
8.298318949622258245e+00
8.302810368327319779e+00
8.303622825709583211e+00
8.304974304559202380e+00
8.305374856269803985e+00
8.306695091370356110e+00
8.307474179883543641e+00
8.309281225491243816e+00
8.309444790068688746e+00
8.314566753715020297e+00
8.317956141924321756e+00
8.320858924946248791e+00
8.321049992390021188e+00
8.321128587585196357e+00
8.326285810340385396e+00
8.330290531958958411e+00
8.330293678970839721e+00
8.330587814949172554e+00
8.332541896951502380e+00
8.339398562013244032e+00
8.347236537377295207e+00
8.349096535502582128e+00
8.356818595188347132e+00
8.356887554637324911e+00
8.358640996165235038e+00
8.359140602550155563e+00
8.362880357041802881e+00
8.367268131122628461e+00
8.371013148249502933e+00
8.371093186647842188e+00
8.372136662949461794e+00
8.373033671678317802e+00
8.373613318020682428e+00
8.374585859207535066e+00
8.379179334805773038e+00
8.388992949301808721e+00
8.389856730939872165e+00
8.391097695431367853e+00
8.395738924488115984e+00
8.396561788021065453e+00
8.397704317262578044e+00
8.398985979487516573e+00
8.399921549759781669e+00
8.406696339687552921e+00
8.407503324676117273e+00
8.408681372487782468e+00
8.409993870505001468e+00
8.410108957407601338e+00
8.414673851009311534e+00
8.421887704931430463e+00
8.425469272461628023e+00
8.425927735962073228e+00
8.431603112702989122e+00
8.436626702732089811e+00
8.441093464151016690e+00
8.442776527104545181e+00
8.443107251303402450e+00
8.443680959976614275e+00
8.446135217483774937e+00
8.447046919976793689e+00
8.449631490143151069e+00
8.452743387510009754e+00
8.456229260621269006e+00
8.459450628469078026e+00
8.460374455594685372e+00
8.460769630183346379e+00
8.461139021816585171e+00
8.463553381791918184e+00
8.463904991917981846e+00
8.466014471508209738e+00
8.468243280735546108e+00
8.470148271430741005e+00
8.471854877590688560e+00
8.472559484941633912e+00
8.481593107742215309e+00
8.481983093505522930e+00
8.484854112013639593e+00
8.488183749695622282e+00
8.489906012400229685e+00
8.493102972276108886e+00
8.493785330841605585e+00
8.496704013182741377e+00
8.498393238961220675e+00
8.502992343493531280e+00
8.505457788922722528e+00
8.511339811537080635e+00
8.518109935038994607e+00
8.525386379992230701e+00
8.526014381017521515e+00
8.529285088736040521e+00
8.530852903117523311e+00
8.532271297943314181e+00
8.537866406780192818e+00
8.539553580027520852e+00
8.539990888585405671e+00
8.544579574288396984e+00
8.545741701204097041e+00
8.546346633265848425e+00
8.549268296967598602e+00
8.549358657278364859e+00
8.555944647566651184e+00
8.556159242339123949e+00
8.556252129253488548e+00
8.564055460166418499e+00
8.570940273108915264e+00
8.571560424967195502e+00
8.571578392353307763e+00
8.575083706390660865e+00
8.575117946157464033e+00
8.578054943967831747e+00
8.582379040252485325e+00
8.584220312603289216e+00
8.585182527771454630e+00
8.587034208854314343e+00
8.592981122603106314e+00
8.594584904924881030e+00
8.605654579161885920e+00
8.605953996506645609e+00
8.609049138834041770e+00
8.609997445394206750e+00
8.619177020763972408e+00
8.619555024877243454e+00
8.626281042816017930e+00
8.627702196683937785e+00
8.629007204437563416e+00
8.632502148856243451e+00
8.633066193990281079e+00
8.633783853611694425e+00
8.637401405612326499e+00
8.639535708038769357e+00
8.645189858330583732e+00
8.646340575554575025e+00
8.649596694191515667e+00
8.650457564689002510e+00
8.650840456957091362e+00
8.653415031575262262e+00
8.653769053901628538e+00
8.655032277469704383e+00
8.656069166724414288e+00
8.656106063980713472e+00
8.657467171959689622e+00
8.657706708967284115e+00
8.660251699852500096e+00
8.663950448505206126e+00
8.665794196945045158e+00
8.669894239058219654e+00
8.672120793273471406e+00
8.672166105722414642e+00
8.672713951475600425e+00
8.674219132080262185e+00
8.676309523161513937e+00
8.677033401338743346e+00
8.679394266675506842e+00
8.681530459368801189e+00
8.681872924168834160e+00
8.683002509882811637e+00
8.683560965172574697e+00
8.683661440419646382e+00
8.685801956878430374e+00
8.692931257077937346e+00
8.699621895870309984e+00
8.701253048512421984e+00
8.701566787370820677e+00
8.704264085968944187e+00
8.704378739456146263e+00
8.704559677088186120e+00
8.705166272404150973e+00
8.705696110699060242e+00
8.705871277442426504e+00
8.711551657795009618e+00
8.712197276712180027e+00
8.717739330388839747e+00
8.718701671508757300e+00
8.720558281018789160e+00
8.727162437856723187e+00
8.731330243435831306e+00
8.731387194959181031e+00
8.734233504902391587e+00
8.740497447588984059e+00
8.740536734425838006e+00
8.742592139661482520e+00
8.756094962378885072e+00
8.759806874399567178e+00
8.764587729398003901e+00
8.764825662596058109e+00
8.765228536323441233e+00
8.771338930614962948e+00
8.771665815325167870e+00
8.773764512798125637e+00
8.778940299587047136e+00
8.781026099994249989e+00
8.781972597365792055e+00
8.788488115189421634e+00
8.791314044548910189e+00
8.792052574213828464e+00
8.794047240003893151e+00
8.796263790625790335e+00
8.796351419049360132e+00
8.798257815559143324e+00
8.798468001930102034e+00
8.802275503089511233e+00
8.809247611875790085e+00
8.811564282449255714e+00
8.812828534783170298e+00
8.813083370046006948e+00
8.814838628246501884e+00
8.827160221420340847e+00
8.831143972565904221e+00
8.834217866286360632e+00
8.835892438015147121e+00
8.836361867246676383e+00
8.840548448251583480e+00
8.840994817403352357e+00
8.847737298289047203e+00
8.849493711481946079e+00
8.850531949862018521e+00
8.851814927316210557e+00
8.852063437732720530e+00
8.853744795141770041e+00
8.854052628869304442e+00
8.859209192658736853e+00
8.859777037754701823e+00
8.860418125151861446e+00
8.863739432104773996e+00
8.866381128862148131e+00
8.868995883869054353e+00
8.869387721161624327e+00
8.876400817724089620e+00
8.882590675698910587e+00
8.885697640720460200e+00
8.887295172606334503e+00
8.887686108538911611e+00
8.887763689500763675e+00
8.889595394512520343e+00
8.890112587304299652e+00
8.890431311584553242e+00
8.890569582563385254e+00
8.893455737593656707e+00
8.899561607084553572e+00
8.899669945618553513e+00
8.908459094067474382e+00
8.910490045429702022e+00
8.911333006825726599e+00
8.911628111871904068e+00
8.912842447450330496e+00
8.916026915773501926e+00
8.917641840954361854e+00
8.918898885012662703e+00
8.919809425049123774e+00
8.922241093201352058e+00
8.925597114518563302e+00
8.931813153678209716e+00
8.940216067413992107e+00
8.943021433276070908e+00
8.943828400100869658e+00
8.947424435024922573e+00
8.951146607791127252e+00
8.952672381281811198e+00
8.954206197357928332e+00
8.954213840245314415e+00
8.955306076752689748e+00
8.955969780693706639e+00
8.959273261201817107e+00
8.960520805987279402e+00
8.962681337532357517e+00
8.968336767722718150e+00
8.973075448291659484e+00
8.973942187959924155e+00
8.974871247333245705e+00
8.977882211423954928e+00
8.980728990282324631e+00
8.981145185968689049e+00
8.989991843162046692e+00
8.991007560962167133e+00
8.993883876922966536e+00
8.995138432627104663e+00
8.996515328914073351e+00
8.998529854952101559e+00
9.000179555504594475e+00
9.002198719891595147e+00
9.014895429974750130e+00
9.019944908854569121e+00
9.020313488367518673e+00
9.021320524173246369e+00
9.024622348860772192e+00
9.025094880032890288e+00
9.025870490154543901e+00
9.027330535209621587e+00
9.027792366210949382e+00
9.028638883563596451e+00
9.028750567332266996e+00
9.031221866162201906e+00
9.034732859805059135e+00
9.036380229647216211e+00
9.037554884151669299e+00
9.047136928480068008e+00
9.051776247797411301e+00
9.051844152743274918e+00
9.052310582109429404e+00
9.053195329444356787e+00
9.053464169093606628e+00
9.055570299555094849e+00
9.058896789454458087e+00
9.059401920297762700e+00
9.060294168792363934e+00
9.066148880831022439e+00
9.067408183139049171e+00
9.071065529277996475e+00
9.076966015921144049e+00
9.077320054425783269e+00
9.078763221007294604e+00
9.085269130618861766e+00
9.086013852872524055e+00
9.088685372276353647e+00
9.092112191616626760e+00
9.093849107190772330e+00
9.094050982608234079e+00
9.096236158407750239e+00
9.099742831700929457e+00
9.100291405032164604e+00
9.100392091857132826e+00
9.102737004152929856e+00
9.102947222181416720e+00
9.102974206123919387e+00
9.107633448911066409e+00
9.108107390245276491e+00
9.110193085797513746e+00
9.110906286125896258e+00
9.115905017780445263e+00
9.117955620878584355e+00
9.122440455145655491e+00
9.125652391521544615e+00
9.127209516077563478e+00
9.127844981892295095e+00
9.129970401732363072e+00
9.132796489538442586e+00
9.133861608440311031e+00
9.134677476906761129e+00
9.135575756365973632e+00
9.138902273495022044e+00
9.140256042861629737e+00
9.141701721316760398e+00
9.149731649765852737e+00
9.152302803031400202e+00
9.152311030314026041e+00
9.153943133778106755e+00
9.154842212339525886e+00
9.155646278179553121e+00
9.156662584760846713e+00
9.158161407229005846e+00
9.158956187987833175e+00
9.160958262303974919e+00
9.162943293840532633e+00
9.162947897900387773e+00
9.173469826254226689e+00
9.173565135006983340e+00
9.176658335246374421e+00
9.176748167668630884e+00
9.178844153176937581e+00
9.181605970523708748e+00
9.184431682253737961e+00
9.185719877993957283e+00
9.189849626332097898e+00
9.190241984084552840e+00
9.190661668431104658e+00
9.193556310952377686e+00
9.194265911834580862e+00
9.194375093378177155e+00
9.202109087749350991e+00
9.202366401191589773e+00
9.202882297217227503e+00
9.203111334846363789e+00
9.204822757203672268e+00
9.209670441513585715e+00
9.210375508960121138e+00
9.212921001332700754e+00
9.213703951475045173e+00
9.216601196006779517e+00
9.217186355009360454e+00
9.219009683253709397e+00
9.220678885758221810e+00
9.223684913199008406e+00
9.224296699827583268e+00
9.224635964617309725e+00
9.226111003558319368e+00
9.227657192172417311e+00
9.228215023163656383e+00
9.228284124323330673e+00
9.230366466257978075e+00
9.230565709473960823e+00
9.231217936599426466e+00
9.234251626166914306e+00
9.235291314982134736e+00
9.236743762413578196e+00
9.237353110481786089e+00
9.239663833340044263e+00
9.240222907594613844e+00
9.249452043070846230e+00
9.249826891110256355e+00
9.250639099171397817e+00
9.250835760037244171e+00
9.257061069908628426e+00
9.259766131546399492e+00
9.262735076898186648e+00
9.263262207106009782e+00
9.264856217333186095e+00
9.266971031260375469e+00
9.271664387746806568e+00
9.272285778551548674e+00
9.273111353941098756e+00
9.274080642647932748e+00
9.277452849470936513e+00
9.278503108842381053e+00
9.279866765189559885e+00
9.280608022976826632e+00
9.282454137974459840e+00
9.284236466115347142e+00
9.285002816168269391e+00
9.286341636203111705e+00
9.286739401310569519e+00
9.287479927321411921e+00
9.291107058900113458e+00
9.292439804110236068e+00
9.296302236666889485e+00
9.296411413292954506e+00
9.297371240196175890e+00
9.298340821859762073e+00
9.299561597385164191e+00
9.300215734264764222e+00
9.306384917003866164e+00
9.307610978724454753e+00
9.310003694864336765e+00
9.310775195111393288e+00
9.311178486579985147e+00
9.311574659154262079e+00
9.318932562932285890e+00
9.319157883401722131e+00
9.320106224360864999e+00
9.320520765728328882e+00
9.321302510188523627e+00
9.321399567080263182e+00
9.322028989436805801e+00
9.323165256181194849e+00
9.325953919674205395e+00
9.327726482220205284e+00
9.329122444090124588e+00
9.331116819187091238e+00
9.332379696469258690e+00
9.332978762663747929e+00
9.334424100665522417e+00
9.336587748289847610e+00
9.338058542571886278e+00
9.338347757549131600e+00
9.339062013051551148e+00
9.342207689572735063e+00
9.345920465263851895e+00
9.347501054517406871e+00
9.347575063784759664e+00
9.347942393251372550e+00
9.349274491597798331e+00
9.351206947117807644e+00
9.352457971377111434e+00
9.352587706420642633e+00
9.354325627919575226e+00
9.355909890714363186e+00
9.357986189467728977e+00
9.358799329503094455e+00
9.358993337928412259e+00
9.360274984095557471e+00
9.364232887243632675e+00
9.374475188931914005e+00
9.374859188601281090e+00
9.377333483267738856e+00
9.380781283090321665e+00
9.381268184176827063e+00
9.384153741362471379e+00
9.385868903961632981e+00
9.386656173052752905e+00
9.387326370735907588e+00
9.388688733116445917e+00
9.389768704011871137e+00
9.392384374406612224e+00
9.395050316414465641e+00
9.398222891965019699e+00
9.400429114583022994e+00
9.400946325980342522e+00
9.402270624693837675e+00
9.407501534249490760e+00
9.407771069445537648e+00
9.408872440550091198e+00
9.410098019807069392e+00
9.415889867100720068e+00
9.417419507817314184e+00
9.421283200533753899e+00
9.421944276236922988e+00
9.423812579425128177e+00
9.426390815511606291e+00
9.428314158238455533e+00
9.428843463181626916e+00
9.429368580127853505e+00
9.431972566351113585e+00
9.432519372327321960e+00
9.433963978760335323e+00
9.435223946805507467e+00
9.435602517892323959e+00
9.436220105661174529e+00
9.445307598943422533e+00
9.448678359811621519e+00
9.449163451212475806e+00
9.450978149811106732e+00
9.454843037303055198e+00
9.455592566800195442e+00
9.455793474877928873e+00
9.456425539478082953e+00
9.457458601458982983e+00
9.460209899321466054e+00
9.460566748020559302e+00
9.465712345287919049e+00
9.467456382036084861e+00
9.470853993839602580e+00
9.472821373988965732e+00
9.473027944253617605e+00
9.475983344443468681e+00
9.477002327075766175e+00
9.478810661276625638e+00
9.479243422288888610e+00
9.482321292558793857e+00
9.482990426499005920e+00
9.484423687263447533e+00
9.485041642203572820e+00
9.488804269192488761e+00
9.490290841667849975e+00
9.490878663216022915e+00
9.491645060950157031e+00
9.493856214166900287e+00
9.495312552451057542e+00
9.497473223592916014e+00
9.498083455614462878e+00
9.500222519323624937e+00
9.503526480414548061e+00
9.504903708731060163e+00
9.508800185309763009e+00
9.508834256909011629e+00
9.509524622460633125e+00
9.509946994047382418e+00
9.510358455744240658e+00
9.510372104309421815e+00
9.512715458946150449e+00
9.514022345681830473e+00
9.516259108763389207e+00
9.518992377836241303e+00
9.522080348581974718e+00
9.524169906615888692e+00
9.524533495462190302e+00
9.525150019508734189e+00
9.528923208356733454e+00
9.529771439705363889e+00
9.529908413431833480e+00
9.530568219318737988e+00
9.533864516996114702e+00
9.535123759419391831e+00
9.535780765461568720e+00
9.538652713694382612e+00
9.539823771991290613e+00
9.541270180660987421e+00
9.543289117010484546e+00
9.543399783179223661e+00
9.548303534041885143e+00
9.552483058498845381e+00
9.553330534403700725e+00
9.556170660601402744e+00
9.558371977048288670e+00
9.560580480429743844e+00
9.561468191112361126e+00
9.561604234261965374e+00
9.564121678610629118e+00
9.565370669930496561e+00
9.566059916490607051e+00
9.566564590896923903e+00
9.567285678484827471e+00
9.569102178918925006e+00
9.569160671070727986e+00
9.570215244569716617e+00
9.578603147495234893e+00
9.579443433089107174e+00
9.579703436578672182e+00
9.580867846141742916e+00
9.581968001251150113e+00
9.584437473799507501e+00
9.584811793429581783e+00
9.584978067134338531e+00
9.586473879035205314e+00
9.587204625460648444e+00
9.587720952122765539e+00
9.588236722677578427e+00
9.590167039589239550e+00
9.590351817381991495e+00
9.591849183847273252e+00
9.592192753648717485e+00
9.594035377889946759e+00
9.595293773411437854e+00
9.595449698897439816e+00
9.597108171175939617e+00
9.597570699691756246e+00
9.600353069322139277e+00
9.604241428209729037e+00
9.604988184227003956e+00
9.606396436791699855e+00
9.608920876460917526e+00
9.610304512189804527e+00
9.611057123102039412e+00
9.611778964493646882e+00
9.612086204567914294e+00
9.612115066350373382e+00
9.612225371065214574e+00
9.614219629679881862e+00
9.619520558087511830e+00
9.621719066359508687e+00
9.624117188045365978e+00
9.629641092016234083e+00
9.631102779415384063e+00
9.636603183599437017e+00
9.638530131903113585e+00
9.640141124891471236e+00
9.640894273245379509e+00
9.641161572796209001e+00
9.641198360992804695e+00
9.642232098762107739e+00
9.642715739033715039e+00
9.643549143367371457e+00
9.643866249205544250e+00
9.645226977073244612e+00
9.654342043865961287e+00
9.654429062150988727e+00
9.657077697600350064e+00
9.661377586901087611e+00
9.666776297067245949e+00
9.667192454031276583e+00
9.669488834158434187e+00
9.669694473891826902e+00
9.670097196541284745e+00
9.670957479944656043e+00
9.672151468687214759e+00
9.675059620169090380e+00
9.676614738197450549e+00
9.677895343440081177e+00
9.677987024943305983e+00
9.678415200240987559e+00
9.678465839389437164e+00
9.678501160806431969e+00
9.684335502066970136e+00
9.688210606604924280e+00
9.689349379174888810e+00
9.690816704215244215e+00
9.692512384309837969e+00
9.695444030428424398e+00
9.696331698864815607e+00
9.696691788700151804e+00
9.696867180198324832e+00
9.697607719314627062e+00
9.698081705084213411e+00
9.699571082306084335e+00
9.700518262158198013e+00
9.707565418381838285e+00
9.714384402026736254e+00
9.714922060494471268e+00
9.715121729339783130e+00
9.716043963459478405e+00
9.718108304100045558e+00
9.718291596807805632e+00
9.718888507542398969e+00
9.727564797544800967e+00
9.730112975245917895e+00
9.731627962737478654e+00
9.734936021683193275e+00
9.736202784129373455e+00
9.740487886621671976e+00
9.744263091824478806e+00
9.745509995571808304e+00
9.752108875505404839e+00
9.754296454981286502e+00
9.754649174120940458e+00
9.756652365867770627e+00
9.758208351499185085e+00
9.758552218210127194e+00
9.758556064794571938e+00
9.762364450735121935e+00
9.765182044343537981e+00
9.765593713754620708e+00
9.768549154235335763e+00
9.771488118164020520e+00
9.772238460778273961e+00
9.772328139294348404e+00
9.775597221023229366e+00
9.775639294435357840e+00
9.775751139287924829e+00
9.776804513060872281e+00
9.782710935189449231e+00
9.785118266788224162e+00
9.785831168640827471e+00
9.786221585269048617e+00
9.786339536865105160e+00
9.786559605765555503e+00
9.786656369044315795e+00
9.788621949443594872e+00
9.791077809950731847e+00
9.791319504440323840e+00
9.791691444330778538e+00
9.792897535434613943e+00
9.793652233258800521e+00
9.793968092145760806e+00
9.796746944688765169e+00
9.797648790257923679e+00
9.800366242726404664e+00
9.805766603676007165e+00
9.806700959606127199e+00
9.808317299793532840e+00
9.811868027858199781e+00
9.813959411047143533e+00
9.817309216381755022e+00
9.820414715213431123e+00
9.820508602019684119e+00
9.821451262950066763e+00
9.821862135060426269e+00
9.822597841305597655e+00
9.824689987879608566e+00
9.827365559604686496e+00
9.828463036860124902e+00
9.828661983314070483e+00
9.829148850564953577e+00
9.831089913242159639e+00
9.831244731763728595e+00
9.836658111867247811e+00
9.837982216998700125e+00
9.839991650437617920e+00
9.842805900321598855e+00
9.844203428300094316e+00
9.845374815079214414e+00
9.846415507111803578e+00
9.846771523518235369e+00
9.847108182818541167e+00
9.848445622647142628e+00
9.850442080910566389e+00
9.854909302170760554e+00
9.856123131670615933e+00
9.860348692268303239e+00
9.861033992064841769e+00
9.861511239386993921e+00
9.863249209132250783e+00
9.863555393122469539e+00
9.867369876782976945e+00
9.867562842341099483e+00
9.867674898648893134e+00
9.869039772401325905e+00
9.870138564207644905e+00
9.871077089126753634e+00
9.872624421541525308e+00
9.876661066853415605e+00
9.877616258647300640e+00
9.880581203885249408e+00
9.882224112010824513e+00
9.882578336538340835e+00
9.883166140120483334e+00
9.892998281822418249e+00
9.894788483054348660e+00
9.899523434959821344e+00
9.902040319454439299e+00
9.902270629166359583e+00
9.904202248167383260e+00
9.906029046759515566e+00
9.908890528567052769e+00
9.909292394540738513e+00
9.909969455754067624e+00
9.910184894601064443e+00
9.910864186455730973e+00
9.911320907982256401e+00
9.912320964605052964e+00
9.916309992596355372e+00
9.917448053757524917e+00
9.920546554370497816e+00
9.921416241737841091e+00
9.921881495967484810e+00
9.922286326415235891e+00
9.923134922672668168e+00
9.924184098295798506e+00
9.924241361944085682e+00
9.926529331623296315e+00
9.929704325885081673e+00
9.936445110226523880e+00
9.936850365174034749e+00
9.940641409091849567e+00
9.943302707191245204e+00
9.943449316768102619e+00
9.946171161527209037e+00
9.949135071686164622e+00
9.949759720628826187e+00
9.950412114907926764e+00
9.955463110015005057e+00
9.960309072334062819e+00
9.961669990877229708e+00
9.963237468411575648e+00
9.965351964986083999e+00
9.966848199040784451e+00
9.968605909978563773e+00
9.970921391305019199e+00
9.973740287580074693e+00
9.974387034007458297e+00
9.974609338597730357e+00
9.979564297814633278e+00
9.984547968949005536e+00
9.988336996103418741e+00
9.991045421096160339e+00
9.991074713969691601e+00
9.991468810576586534e+00
9.991908823774382498e+00
9.993118594616014150e+00
9.993296947281624654e+00
9.994677413690382650e+00
9.998036986256904513e+00
1.000543569072780770e+01
1.000689933263120146e+01
1.001192420135334515e+01
1.001289360853306576e+01
1.001389949687714598e+01
1.001450340753691393e+01
1.001592004726153995e+01
1.001594220021604187e+01
1.001806707217576076e+01
1.001861617675662686e+01
1.001877876532251044e+01
1.002047750640122281e+01
1.002189585404640759e+01
1.002410181127048361e+01
1.003636603258631865e+01
1.003794885437619122e+01
1.004472405944743230e+01
1.004535548029271297e+01
1.004744912668003920e+01
1.004922898379919971e+01
1.005105505398187482e+01
1.005312068627785216e+01
1.005328373832720956e+01
1.005386767630566780e+01
1.005406509495687040e+01
1.005729799425510684e+01
1.006359966013884488e+01
1.006429697985271332e+01
1.006720438169668519e+01
1.006738432716645093e+01
1.006975773754502868e+01
1.006983443088480357e+01
1.007195882610887594e+01
1.007357293060644032e+01
1.007386386759209529e+01
1.007402210560405820e+01
1.007511635992403498e+01
1.007586241928673410e+01
1.007722710914847219e+01
1.007847081479327933e+01
1.008345091580973296e+01
1.008425235743276538e+01
1.008579008824355228e+01
1.008680210166820856e+01
1.008824844567599044e+01
1.008961400055571112e+01
1.009013207618882646e+01
1.009337664199370010e+01
1.009368323947069612e+01
1.009575312691633719e+01
1.009811565537125588e+01
1.010171974634735825e+01
1.010500560027628758e+01
1.010787757405051934e+01
1.011448331426788450e+01
1.011562441565873449e+01
1.011775899592627503e+01
1.012158880698960317e+01
1.012163762376231446e+01
1.012415821145008010e+01
1.012519110260444677e+01
1.012532262171203890e+01
1.012560192462449216e+01
1.012560682831420600e+01
1.012607371416028279e+01
1.012763678891059982e+01
1.012869982837796101e+01
1.013426691747477548e+01
1.013689924123475095e+01
1.013887775527511081e+01
1.013890500553010199e+01
1.014145839945393845e+01
1.014244088242879904e+01
1.014965599148563413e+01
1.015017112916518194e+01
1.015019635926156027e+01
1.015071959956786429e+01
1.015116471817314903e+01
1.015716515157654953e+01
1.015800236658923517e+01
1.015913546405378654e+01
1.016058719731403315e+01
1.016116067671629253e+01
1.016296341166138184e+01
1.016330287542923827e+01
1.016617921537937974e+01
1.017031442252858220e+01
1.017334251884132712e+01
1.017408228917771673e+01
1.017437410166415290e+01
1.017702226249402919e+01
1.017775248220280382e+01
1.018120559310457374e+01
1.018189674305684633e+01
1.018365433191461911e+01
1.018498099311820049e+01
1.018662286764396718e+01
1.018906778981377137e+01
1.018926024188906077e+01
1.019213294255729529e+01
1.019215260015374902e+01
1.019666337389443989e+01
1.020226610625810792e+01
1.020419676025407796e+01
1.020771829861052105e+01
1.020853861257245043e+01
1.021090888879436420e+01
1.021423541445146199e+01
1.021805270548763467e+01
1.022105084660624286e+01
1.022194485743772852e+01
1.022235567368283782e+01
1.022598927155026871e+01
1.022726954375094621e+01
1.022860469197761368e+01
1.023016050929008003e+01
1.023478897754078965e+01
1.023831275444684330e+01
1.023896202771306108e+01
1.023928371755754796e+01
1.024250200131486643e+01
1.024453171458516465e+01
1.025297554396171762e+01
1.025622394357360179e+01
1.025666166563411785e+01
1.025918549574663885e+01
1.025981379640548141e+01
1.026245013779577420e+01
1.026475919266549397e+01
1.026842513516557887e+01
1.027172443274151981e+01
1.027500272164070161e+01
1.027540520626645026e+01
1.027638508479677881e+01
1.027821057932497162e+01
1.027894833449488132e+01
1.028508128256648568e+01
1.028592604055438464e+01
1.028679411834900037e+01
1.028797909886941753e+01
1.028977905244949653e+01
1.028984570540480270e+01
1.029902016389948649e+01
1.030205744685798663e+01
1.030641132971368634e+01
1.030789776183152462e+01
1.031287875081519800e+01
1.031329256281734352e+01
1.031804583954213506e+01
1.032135959900106315e+01
1.032233661986443884e+01
1.032427036040290780e+01
1.032871282557306181e+01
1.032978739788197764e+01
1.033142236610717291e+01
1.033282882254992430e+01
1.033570653034390574e+01
1.033626932054151837e+01
1.033696607508615450e+01
1.033724506173797053e+01
1.033871746762720711e+01
1.033898755259324354e+01
1.033961760466296198e+01
1.034098172634804769e+01
1.034547353529275071e+01
1.034684046656350098e+01
1.034892752440110009e+01
1.035100046520583206e+01
1.035528333793768674e+01
1.035579088753013366e+01
1.035744056230081966e+01
1.035892927100421090e+01
1.036050451909429704e+01
1.036058670770255397e+01
1.036129461154991915e+01
1.036204453566063322e+01
1.036324381387425042e+01
1.036485728444854715e+01
1.036628046451335017e+01
1.036759051787601926e+01
1.037326682254638577e+01
1.037705136712503240e+01
1.037738852054553362e+01
1.037762435889954560e+01
1.037876420076756645e+01
1.037926148496889311e+01
1.038054460424225489e+01
1.038516706637948595e+01
1.038676916914646853e+01
1.038786043548079085e+01
1.038910289851875213e+01
1.038964934588543265e+01
1.039036267480472908e+01
1.039211346624484378e+01
1.040045034926471956e+01
1.040078255816454167e+01
1.040251220473362892e+01
1.040328486545837094e+01
1.040492966446059597e+01
1.040525700121517083e+01
1.040720222042319065e+01
1.040758014789626351e+01
1.040839866341173270e+01
1.041093571135912654e+01
1.041539025120600392e+01
1.041695118442306800e+01
1.041792152022532747e+01
1.042392648072819838e+01
1.042451326148974111e+01
1.042832563407636925e+01
1.043201691806300424e+01
1.043396861758397876e+01
1.043973676811543605e+01
1.044246208114508256e+01
1.044412914793004177e+01
1.044491678848947736e+01
1.045045084952212022e+01
1.045094485417492081e+01
1.045238010265867956e+01
1.045473311683123718e+01
1.045571535244333994e+01
1.045572580085752712e+01
1.045584213857395284e+01
1.045612676810162256e+01
1.045960134897923943e+01
1.046177833846980398e+01
1.046303966797504081e+01
1.046409963696869028e+01
1.046612515145750244e+01
1.046825002404951555e+01
1.046989131459070066e+01
1.047191362141913018e+01
1.047235306006874822e+01
1.047303602105425213e+01
1.047927585031000319e+01
1.047990238746421632e+01
1.048143051407848603e+01
1.048227140737639651e+01
1.048285933403387737e+01
1.048405308910928113e+01
1.048414187847438583e+01
1.048748526161605277e+01
1.048904009895924894e+01
1.048976624481697684e+01
1.049064969752653376e+01
1.049428150172588126e+01
1.049436774095296521e+01
1.049491545894810329e+01
1.049772686603813021e+01
1.049783262391946970e+01
1.049785948469380159e+01
1.050142771500597405e+01
1.050613151695499070e+01
1.051570350902306927e+01
1.052615829844134510e+01
1.052779769588429915e+01
1.052804431158516785e+01
1.052972133978910207e+01
1.053114803719159731e+01
1.053132056899667468e+01
1.053188591350257930e+01
1.053311477290022324e+01
1.053778946788312254e+01
1.054190922170529987e+01
1.054295361581131729e+01
1.054391620926588757e+01
1.054610103160167078e+01
1.054633493107811049e+01
1.055386983946243262e+01
1.055818536534886043e+01
1.055935485145127473e+01
1.056600450449580109e+01
1.056762890262645094e+01
1.057182070864212164e+01
1.057333894819174702e+01
1.057957262064546100e+01
1.058498104491473057e+01
1.058580695199321653e+01
1.058586528991530074e+01
1.058655274653182943e+01
1.058712038989430226e+01
1.059001412607652881e+01
1.059020753747838128e+01
1.059209120343275323e+01
1.059484685265312010e+01
1.059514962699578433e+01
1.059625904047380374e+01
1.059756287112907280e+01
1.059761665107705930e+01
1.059794407609206601e+01
1.060207779353821955e+01
1.060229169889582579e+01
1.060420467787232468e+01
1.060709208729702802e+01
1.060713132693320659e+01
1.061184858065615089e+01
1.061563115676253766e+01
1.061691161933185690e+01
1.061764399020150584e+01
1.062091222775942967e+01
1.062196881049625397e+01
1.062223537359414216e+01
1.062264915317755509e+01
1.062307904488708843e+01
1.062772235134016974e+01
1.062912777325926683e+01
1.063049048794774620e+01
1.063058920161876308e+01
1.063095803362087288e+01
1.063163812600346247e+01
1.063703867425385496e+01
1.063922374631653867e+01
1.063970214130596581e+01
1.064112703756877032e+01
1.064267497630138060e+01
1.064414149945621269e+01
1.064705782947326895e+01
1.064709848807272685e+01
1.065321981212397340e+01
1.065361213651098815e+01
1.065879137610695615e+01
1.066087863290661630e+01
1.066739329557497129e+01
1.067147325381778522e+01
1.067335700043745383e+01
1.067428011468851423e+01
1.067676379878242798e+01
1.067757784411475974e+01
1.067894274571307456e+01
1.067968405731408765e+01
1.067985929618418162e+01
1.068310744295594361e+01
1.068355370897586631e+01
1.068436396371097530e+01
1.068565108883906412e+01
1.068879674055575002e+01
1.069061667322615605e+01
1.069180127831964988e+01
1.069235436830644481e+01
1.069339180113041188e+01
1.069550710155913364e+01
1.069620303074787238e+01
1.069699876713718467e+01
1.070098613592503511e+01
1.070404745522412249e+01
1.070515219669757556e+01
1.070565035586413494e+01
1.070901585466072348e+01
1.071111365549920613e+01
1.071285085377312463e+01
1.071392088243368690e+01
1.071398693265782676e+01
1.071500649842682407e+01
1.071826437841478175e+01
1.071854317771617637e+01
1.071855692876331467e+01
1.072103648679618892e+01
1.072624559318793835e+01
1.072865691496253149e+01
1.072917323713518734e+01
1.073064589988521256e+01
1.073191292776139072e+01
1.073455387610658818e+01
1.073628035959639959e+01
1.073632610994868131e+01
1.073997130346019802e+01
1.074050296811587835e+01
1.074091705037799827e+01
1.074200514169723952e+01
1.074590360460192073e+01
1.074612388402106511e+01
1.074620619544640476e+01
1.074973242591086020e+01
1.075423630199815683e+01
1.075457556280866278e+01
1.075523005572318525e+01
1.075546551232377368e+01
1.075627752495492651e+01
1.075643160451534008e+01
1.075711815291542095e+01
1.075892790399187326e+01
1.075962658819109663e+01
1.076018276750199121e+01
1.076124248255174898e+01
1.076442045839588069e+01
1.076803383271582781e+01
1.076882320603588461e+01
1.076901830592708187e+01
1.077355443567462245e+01
1.077806988071008121e+01
1.077924371615064025e+01
1.077975024118531167e+01
1.078077671491118572e+01
1.078419411972398834e+01
1.078995195811169694e+01
1.078998603355726971e+01
1.079023257655337176e+01
1.079027571741003833e+01
1.079143429560979861e+01
1.079219814806889310e+01
1.079235437310015833e+01
1.079253392237061426e+01
1.079300803258817432e+01
1.079323329352209093e+01
1.079555540495053023e+01
1.079798577812313276e+01
1.079877707812039844e+01
1.080018844348556151e+01
1.080039804633817724e+01
1.080233555386771194e+01
1.080485285419373298e+01
1.080523706142757412e+01
1.080782837580142086e+01
1.081103143033071490e+01
1.081260561928562858e+01
1.082049210409334705e+01
1.082460711338518244e+01
1.082714446259954144e+01
1.083081368850027459e+01
1.083328246277712914e+01
1.083372263741405206e+01
1.083702929732978859e+01
1.084681238422597893e+01
1.084986371867634602e+01
1.085106277765637728e+01
1.085292125764021698e+01
1.085462585748985376e+01
1.085501402143964711e+01
1.085998706943690095e+01
1.086045745302123322e+01
1.086155778431865748e+01
1.086157875091402047e+01
1.086299555575154407e+01
1.086373151253514813e+01
1.086375377863589087e+01
1.086411861005884028e+01
1.087194994542153204e+01
1.087476016853925564e+01
1.087705890473966441e+01
1.087781609635328195e+01
1.087827180841590646e+01
1.088050949185547367e+01
1.088118972764187120e+01
1.088321221559215068e+01
1.088729754921498127e+01
1.088932419728608636e+01
1.088952088481872771e+01
1.089222024726822724e+01
1.089339391866279527e+01
1.089881281673043567e+01
1.089884877970651189e+01
1.089924024357048893e+01
1.090027277585979704e+01
1.090230011697601320e+01
1.090268540405063469e+01
1.090289841584026398e+01
1.090317526407423010e+01
1.090401512466266887e+01
1.090484657133417024e+01
1.090600050184499281e+01
1.090653055330878196e+01
1.090701137727904424e+01
1.090889598649841830e+01
1.091157601416888490e+01
1.091228953321477313e+01
1.091325346840488386e+01
1.091417720308351313e+01
1.091432495221263466e+01
1.091681813383666722e+01
1.091997486007607066e+01
1.092036669826909012e+01
1.092123529153058037e+01
1.092227346764763496e+01
1.092413102520572288e+01
1.092495268630743155e+01
1.092536070217078858e+01
1.093051430084549480e+01
1.093198875836800354e+01
1.093228476404830651e+01
1.093247013750403696e+01
1.093356972822293294e+01
1.093470851052196302e+01
1.093655250222927400e+01
1.093855964492778554e+01
1.093901575256626124e+01
1.093919035878291979e+01
1.093942974528436096e+01
1.094131621594110015e+01
1.094258109400206713e+01
1.094424388036966178e+01
1.094511324533561236e+01
1.094690807569758384e+01
1.094794595500737699e+01
1.094962112197675452e+01
1.095159332007172459e+01
1.095177369473899809e+01
1.095300471199497139e+01
1.095367649032843893e+01
1.095475617400429158e+01
1.095581920756411698e+01
1.095643403231417068e+01
1.095903145940108736e+01
1.095984187300128809e+01
1.096008550031883466e+01
1.096393860776307605e+01
1.096576248800771580e+01
1.097419348480284818e+01
1.097544719567129867e+01
1.097946312421418824e+01
1.098144025810955071e+01
1.098225657041002101e+01
1.098286226790162345e+01
1.098392399492907501e+01
1.098437948022405308e+01
1.098478139627526851e+01
1.098563408184885226e+01
1.099218612840421549e+01
1.099299600517385400e+01
1.099389886152891549e+01
1.099895858729338016e+01
1.099988093116492749e+01
1.100149751565870915e+01
1.100274571183484085e+01
1.100592427475399404e+01
1.100695842925274981e+01
1.100767299001966570e+01
1.101548253759388452e+01
1.101623088099634451e+01
1.101809213375340590e+01
1.102004399843484705e+01
1.102017590956172732e+01
1.102222312731551312e+01
1.102542682019901044e+01
1.102552573448402384e+01
1.102765982199064609e+01
1.102874652678058531e+01
1.102881312720751694e+01
1.102902153987586686e+01
1.103361904582460085e+01
1.103398555945162762e+01
1.103513178762795910e+01
1.103641260215260367e+01
1.103873513215982172e+01
1.103896903256487683e+01
1.103958573611197558e+01
1.104101681417752445e+01
1.104156242610029004e+01
1.104215701624680968e+01
1.104555932159231268e+01
1.104702399412260405e+01
1.104950934803413176e+01
1.105255430026023689e+01
1.105414222428685456e+01
1.105850191354008061e+01
1.106146741764234065e+01
1.106258261067818793e+01
1.106435422491664688e+01
1.106765300639818506e+01
1.107350050596997093e+01
1.107372827244795488e+01
1.107432918521273812e+01
1.107630597209723788e+01
1.107728133561704986e+01
1.108025450931988765e+01
1.108431720338873028e+01
1.108512608934558763e+01
1.108561631873717701e+01
1.108603583895915712e+01
1.109193407856540503e+01
1.109267662727267201e+01
1.109370026752588423e+01
1.109413386690298786e+01
1.109442162115336217e+01
1.109937692980665602e+01
1.110195725005848111e+01
1.110212292958399338e+01
1.110380807615746157e+01
1.110447077721630116e+01
1.110869628536060461e+01
1.111018608068256874e+01
1.111108001400164014e+01
1.111505050325017052e+01
1.111861247121049878e+01
1.112195419168476107e+01
1.112286120759614683e+01
1.112448813019185145e+01
1.112627199186652049e+01
1.112641881206298677e+01
1.112696214907764869e+01
1.112747937958949507e+01
1.112803795727506717e+01
1.112838766825578141e+01
1.113038624701724189e+01
1.113153441713295067e+01
1.113448594577015349e+01
1.114076598406974661e+01
1.114903715293237951e+01
1.115176129212988876e+01
1.115471334924840718e+01
1.115555672922029551e+01
1.115577907759179510e+01
1.115598142051203290e+01
1.115648780195283862e+01
1.115672001094293542e+01
1.115781075933226951e+01
1.116202743238120476e+01
1.116316364416192108e+01
1.116442734405941728e+01
1.116747649758045569e+01
1.116933835787269480e+01
1.117003790555387610e+01
1.117016090561572916e+01
1.117177938446178942e+01
1.117401776183888984e+01
1.117512934672236646e+01
1.117526567109888624e+01
1.117813715174826328e+01
1.118101997693293903e+01
1.118204507590603569e+01
1.118308647076737827e+01
1.118443991216340017e+01
1.118888580722851245e+01
1.118983703599591450e+01
1.119343005098269650e+01
1.119357996413717338e+01
1.119497463171920515e+01
1.119518560529725093e+01
1.120016643645945464e+01
1.120092179059518500e+01
1.120186838787974892e+01
1.120612454283609871e+01
1.120875932215627735e+01
1.120944025103001707e+01
1.121242131156146371e+01
1.121356208313193648e+01
1.121376517636147696e+01
1.121398630855498624e+01
1.121449126081810732e+01
1.121687607816535248e+01
1.121873105330096188e+01
1.122160092299416689e+01
1.122300125425445039e+01
1.122346273579554499e+01
1.122591783183164438e+01
1.122773503247592508e+01
1.123115256450374133e+01
1.123210455631046223e+01
1.123282605352478036e+01
1.123660181098700228e+01
1.123984210186753430e+01
1.124179929068732875e+01
1.124229398912708611e+01
1.124245761299873791e+01
1.124506938692628566e+01
1.124525533585401149e+01
1.125127113052203676e+01
1.125319163834429936e+01
1.125420925688095686e+01
1.125556044614173068e+01
1.125867061161045335e+01
1.125976721201165276e+01
1.126250363780065200e+01
1.126423023137443735e+01
1.126512195729570109e+01
1.126541265272206083e+01
1.126588611081265867e+01
1.127340717019075811e+01
1.127391729247852936e+01
1.127417431020205818e+01
1.128945988302643677e+01
1.129046960870380900e+01
1.129316714419183221e+01
1.129546634938236416e+01
1.129883417571266335e+01
1.129965537290273225e+01
1.130004537489246985e+01
1.130094202570102624e+01
1.130105271891066110e+01
1.130178607736341334e+01
1.130581152267886580e+01
1.130993055583479112e+01
1.130997535394514486e+01
1.131126842606393801e+01
1.131366333775724797e+01
1.132161015869110443e+01
1.132263935474918348e+01
1.132423150479080931e+01
1.132507463411392123e+01
1.132708337395116160e+01
1.132940163648434151e+01
1.132975009063545890e+01
1.133338968613533027e+01
1.133657310626941950e+01
1.133940002999358754e+01
1.134060871476473764e+01
1.134222818613424444e+01
1.134323941306448802e+01
1.134337672843258638e+01
1.134467599551811823e+01
1.134527631883129928e+01
1.135194338130729186e+01
1.135477328715206013e+01
1.135559456852775462e+01
1.135719515597502749e+01
1.135774412633968211e+01
1.136426720837567927e+01
1.136536203653490773e+01
1.136565492049991732e+01
1.136588677064623454e+01
1.136903699213504915e+01
1.137004895647563352e+01
1.137469099969664654e+01
1.137694790354790797e+01
1.137863900665179173e+01
1.137980714305970587e+01
1.138168668858081922e+01
1.138421145705294890e+01
1.138560392968707013e+01
1.138582490196015584e+01
1.138801800616265680e+01
1.139513424484903048e+01
1.139555371509416837e+01
1.139624089118065697e+01
1.139742576691491749e+01
1.139824744735224549e+01
1.139849903177601576e+01
1.140062414046926342e+01
1.140241423381040065e+01
1.140747895355739594e+01
1.140941707811554018e+01
1.141137893365014655e+01
1.141449859404581524e+01
1.141534890023486248e+01
1.141675598552095039e+01
1.141711630983861525e+01
1.141823941865134451e+01
1.142408803544522833e+01
1.142422490352906372e+01
1.142460191871408526e+01
1.142924066285467966e+01
1.143061086215214850e+01
1.143227499993763097e+01
1.143265332289881364e+01
1.143390589540600644e+01
1.144178294799539408e+01
1.144285117203649982e+01
1.144633974490436579e+01
1.144731820846197046e+01
1.145701642782134044e+01
1.146536409527593925e+01
1.146634164280844814e+01
1.147217568490598083e+01
1.147269037704768380e+01
1.147308118085174122e+01
1.147487347304895522e+01
1.147501788409413237e+01
1.147606816019366960e+01
1.147732538759210996e+01
1.147902185109354356e+01
1.148115691956502005e+01
1.148223291592037043e+01
1.149053988644991264e+01
1.149415386095937386e+01
1.149498221694615729e+01
1.149556845103963099e+01
1.149722476807960803e+01
1.150377028403018542e+01
1.150624830103693519e+01
1.150642009449748748e+01
1.150742311612190605e+01
1.151147136430881979e+01
1.151412538832279964e+01
1.152346465599304182e+01
1.152693814191965771e+01
1.152903860458601493e+01
1.152939865183821055e+01
1.153302509705190459e+01
1.153377308529881162e+01
1.153542712841173490e+01
1.153695800889622980e+01
1.153787279204855132e+01
1.153855403696311299e+01
1.153968125054880645e+01
1.154665473041967871e+01
1.154840591525337956e+01
1.154930522531376802e+01
1.155011005822452219e+01
1.155307290529823838e+01
1.155844267557024097e+01
1.156635493409335425e+01
1.156861334528540119e+01
1.156967164110786150e+01
1.156989729574468839e+01
1.157083462481236147e+01
1.157724528007853237e+01
1.157750366548095045e+01
1.157844905728948248e+01
1.158085237424523406e+01
1.158269875712051089e+01
1.158750564207675460e+01
1.158974213933716157e+01
1.159119023875188859e+01
1.159244448564180274e+01
1.159429223584025515e+01
1.159515072052516516e+01
1.159911825388810414e+01
1.160213045473694393e+01
1.160571464993109458e+01
1.160656577747149143e+01
1.160877624174086797e+01
1.161194258630269083e+01
1.161431240824108002e+01
1.161446376518420465e+01
1.161539622041844666e+01
1.161539656817029709e+01
1.161671249624866142e+01
1.161817868185889679e+01
1.162047855185852718e+01
1.162113293847638751e+01
1.162362752222506224e+01
1.162369583474677803e+01
1.162571233743452481e+01
1.162672872103961730e+01
1.162981145549470519e+01
1.163112523492061356e+01
1.163266919723155191e+01
1.163353845387524288e+01
1.163442015922504424e+01
1.163661876159736508e+01
1.163735350043330996e+01
1.163752656906912364e+01
1.163897212359504962e+01
1.164015273263970407e+01
1.164047231588803299e+01
1.164188912645744978e+01
1.164630045254073565e+01
1.164912269177890991e+01
1.164954311767147033e+01
1.165018396905759523e+01
1.165357945694692887e+01
1.165620145804124164e+01
1.165799147714004036e+01
1.165895290224432301e+01
1.166168058858313650e+01
1.166260260203776866e+01
1.166306262310898489e+01
1.166644318318153140e+01
1.167172907077544330e+01
1.167283460844954313e+01
1.167328707881697269e+01
1.167596062814125801e+01
1.167844269134161905e+01
1.167862877346099282e+01
1.168396030828556142e+01
1.168745566856391527e+01
1.168833563358174565e+01
1.169815930222441480e+01
1.169822849953216704e+01
1.169974610170851825e+01
1.170040110841623360e+01
1.170101509903893522e+01
1.170459522673213115e+01
1.170494761117010363e+01
1.170545734772022328e+01
1.170717336893591209e+01
1.171165968246878819e+01
1.171252784264162550e+01
1.171317785713008774e+01
1.171512248425132263e+01
1.171648340622088469e+01
1.171683644922659084e+01
1.171998902242340534e+01
1.172101766267072520e+01
1.172104661080844679e+01
1.172296137558371321e+01
1.172505987806279393e+01
1.172523289145821046e+01
1.172589432874331372e+01
1.173112145643843007e+01
1.173131626158667906e+01
1.173135183651414870e+01
1.173237875499606808e+01
1.173623692485200110e+01
1.174151939781040355e+01
1.174395802613881123e+01
1.174741865548512543e+01
1.174766247591923651e+01
1.175093172706952238e+01
1.175163808175809343e+01
1.175433548809162509e+01
1.175619074521162588e+01
1.175789234753150048e+01
1.176052987067857813e+01
1.176061810639749794e+01
1.177199740287829499e+01
1.177343742154268469e+01
1.177929070531305911e+01
1.178691406800859198e+01
1.178915721574552400e+01
1.179413897945753575e+01
1.179468973587929526e+01
1.179490793451204667e+01
1.179654247414272916e+01
1.179879551446861363e+01
1.180110793150961968e+01
1.180630888652467014e+01
1.180746636727981880e+01
1.180935806031365054e+01
1.181844454673771772e+01
1.182162801992589607e+01
1.182533950596050332e+01
1.182572185511806317e+01
1.182599158766121228e+01
1.183564519604145815e+01
1.183880773664168196e+01
1.183975618525827933e+01
1.184025992224242074e+01
1.184586978825574910e+01
1.185095526288818490e+01
1.186350022800750814e+01
1.186368963038462354e+01
1.186411177124169214e+01
1.186722571002691495e+01
1.187048564359123048e+01
1.187050586510722461e+01
1.187299068731619300e+01
1.187477951415776545e+01
1.187570929145010012e+01
1.187720501955442742e+01
1.187730813081470949e+01
1.187997809543155192e+01
1.188229149474496005e+01
1.188268449743858746e+01
1.188768168042573059e+01
1.188861177116145385e+01
1.189182659353792992e+01
1.189276224910750734e+01
1.189723962398838353e+01
1.189730982417446192e+01
1.189769404758174076e+01
1.189773467032127741e+01
1.189818504578749980e+01
1.189835749711992108e+01
1.189868852585217596e+01
1.189956453017181914e+01
1.190168664298466261e+01
1.191172015191533440e+01
1.191207044899842238e+01
1.191469037854195889e+01
1.191980381300995440e+01
1.192097696485667235e+01
1.192593761367623628e+01
1.193444481494275600e+01
1.193752362008618917e+01
1.193988922733652203e+01
1.194017754172204882e+01
1.194171848668092117e+01
1.194820123895792108e+01
1.195001129586479394e+01
1.195081754189487278e+01
1.195443112046281442e+01
1.196332498691879564e+01
1.196384725977408259e+01
1.196440252242452473e+01
1.196953557434413362e+01
1.197526704245967899e+01
1.197940047073461933e+01
1.198154537385434537e+01
1.198168795457005409e+01
1.198601670667756558e+01
1.198774042209160307e+01
1.199219158423360732e+01
1.200446952445535942e+01
1.200584964291568824e+01
1.201068579746839760e+01
1.201283795574858893e+01
1.201465835093237722e+01
1.201517691825408995e+01
1.201951686528349406e+01
1.202010384327780557e+01
1.202150868958039887e+01
1.202280945170578264e+01
1.203238113144423593e+01
1.203250401061258223e+01
1.203481905083012293e+01
1.203590909722353963e+01
1.204668684407525170e+01
1.205354232834142358e+01
1.205605649628830278e+01
1.206149210030789654e+01
1.206254341508533479e+01
1.206316237148626946e+01
1.206383477584139641e+01
1.206591087076781577e+01
1.207341709489021397e+01
1.207396137343304510e+01
1.207687008664500006e+01
1.208044162686479517e+01
1.208086952684770665e+01
1.208507879019103370e+01
1.208605759661639389e+01
1.208876348783516086e+01
1.208969130761388477e+01
1.209008013540701398e+01
1.209414928536591560e+01
1.209566120686229951e+01
1.209582836617331658e+01
1.209628612706747930e+01
1.209924030422179442e+01
1.210105223581529721e+01
1.210181489311045411e+01
1.210273750460658349e+01
1.210288159556074916e+01
1.210849779702726003e+01
1.210853867028185071e+01
1.210915390163005689e+01
1.211565803348035786e+01
1.211865661874018585e+01
1.211951167418033215e+01
1.211954387267846478e+01
1.211963480854491237e+01
1.211986865552439596e+01
1.212133915665842210e+01
1.212262273561960590e+01
1.212715635385201018e+01
1.213434213814910834e+01
1.213485122986006814e+01
1.213965719588948389e+01
1.214144668379740111e+01
1.214212396811224437e+01
1.214339537021974103e+01
1.214369036278267266e+01
1.215013531031956617e+01
1.215265551110858588e+01
1.215354373087873618e+01
1.215398470230255334e+01
1.215493566955279192e+01
1.215882177117980589e+01
1.216060724976111196e+01
1.216085673261424027e+01
1.216986360302524872e+01
1.216992213871431794e+01
1.217101166210173524e+01
1.217202671234735512e+01
1.217203644366660598e+01
1.217268721686917132e+01
1.217330093569352556e+01
1.217352324265527663e+01
1.217383545946908541e+01
1.217436199993074730e+01
1.217690172519306735e+01
1.217914775527894555e+01
1.217995142540904752e+01
1.218023571789044190e+01
1.218416574014648468e+01
1.218788783373739193e+01
1.219194095536860800e+01
1.219256449755908989e+01
1.219372678857524939e+01
1.219503596246515720e+01
1.219699603239775598e+01
1.219852952273027569e+01
1.220639239552070698e+01
1.220660142592375585e+01
1.221208767388607974e+01
1.221339807021380786e+01
1.221376183278670524e+01
1.221377428074244698e+01
1.221548660502077333e+01
1.221849318295448050e+01
1.221879645234692013e+01
1.221976786273779148e+01
1.222015226950335887e+01
1.222345620958873091e+01
1.222399879160383662e+01
1.222638042772221389e+01
1.222910605246486782e+01
1.223007925574257726e+01
1.223272423479019189e+01
1.223289695233663466e+01
1.223343587193033244e+01
1.223965209136349230e+01
1.224003372542338219e+01
1.224133626090015348e+01
1.224437208534877009e+01
1.224717946804562985e+01
1.225426985094284227e+01
1.225667152406611038e+01
1.225839557310565731e+01
1.225923062488951132e+01
1.225995408124795816e+01
1.226088012897515078e+01
1.226164066227474336e+01
1.226371145718759159e+01
1.226767663722757540e+01
1.226782664916001764e+01
1.227249761036759956e+01
1.228247084192840610e+01
1.228300629814085276e+01
1.228302926916214055e+01
1.228528920976118854e+01
1.229326287224912662e+01
1.229398094188940860e+01
1.229803945179587465e+01
1.230266785740214885e+01
1.230518232422135760e+01
1.230785909187459026e+01
1.230879994592890547e+01
1.231079392127620409e+01
1.231452915007753646e+01
1.231559495557309702e+01
1.231786600410415922e+01
1.231803736856116416e+01
1.232095882602407322e+01
1.232102956227571688e+01
1.232332656713748342e+01
1.232516397518901918e+01
1.232530424729675289e+01
1.232568853164496936e+01
1.232786672004020900e+01
1.232853469550747505e+01
1.233109158708787056e+01
1.233282085988124166e+01
1.233723698730768348e+01
1.233795470371053327e+01
1.234117034168563265e+01
1.234750896904739115e+01
1.235197681319187879e+01
1.235583200219789646e+01
1.235644446573943611e+01
1.236099249913766585e+01
1.236264259260106435e+01
1.236344128387721497e+01
1.236644059779192162e+01
1.236986094508165834e+01
1.237134700465801807e+01
1.237425712468528793e+01
1.237691271909147162e+01
1.237714901320725147e+01
1.238005310571621109e+01
1.238173499007961986e+01
1.238352462927196918e+01
1.238883004391639631e+01
1.239041337902946260e+01
1.239779279866717054e+01
1.240043683939331309e+01
1.240183123692991529e+01
1.240463338902730506e+01
1.240477126197098023e+01
1.240882419395768110e+01
1.241123385182708638e+01
1.241283523499680719e+01
1.241636912685395266e+01
1.242409297365818155e+01
1.243294940669461468e+01
1.243613046474770911e+01
1.243700317488336182e+01
1.243855847895613920e+01
1.243937353663233836e+01
1.244203847469292690e+01
1.244557856038703747e+01
1.245043001955830597e+01
1.245348153478640896e+01
1.245753287292254008e+01
1.246312573871971807e+01
1.246653348894777658e+01
1.247490363351711551e+01
1.247587148667196288e+01
1.247758703792872126e+01
1.247787052975373889e+01
1.247822451893932794e+01
1.247978796967041859e+01
1.248235327338336553e+01
1.248680315433796650e+01
1.248814896262372542e+01
1.248890440851052119e+01
1.249294381593679937e+01
1.249398176458229770e+01
1.249880785024343410e+01
1.250663167133073372e+01
1.250830079873228584e+01
1.251635315767454237e+01
1.251680146541530370e+01
1.251922025374554259e+01
1.252039356617112986e+01
1.252047228198057383e+01
1.252161963996475436e+01
1.252919569363311325e+01
1.253225153156543037e+01
1.253521581473076196e+01
1.253733687621979342e+01
1.254539592218243094e+01
1.254740670335218233e+01
1.255129158820225932e+01
1.255572103121459726e+01
1.255756844760363578e+01
1.256044286032997448e+01
1.256107240278452863e+01
1.256830133635963165e+01
1.257095327943515528e+01
1.257286035323910589e+01
1.257631675351581890e+01
1.257689154774078766e+01
1.257952092968555924e+01
1.257958444386116525e+01
1.259145686927583085e+01
1.259440101759708064e+01
1.259660719833795994e+01
1.259699422439875249e+01
1.259804773906352438e+01
1.260247448441616847e+01
1.260319856170151276e+01
1.260688507853218532e+01
1.260767717420619682e+01
1.261087360963806070e+01
1.261411268597995594e+01
1.261419928248860955e+01
1.262657515816238529e+01
1.262850205476896903e+01
1.263698249459789302e+01
1.264133230197805702e+01
1.265781882923393553e+01
1.266461004754493302e+01
1.266587153872333715e+01
1.266846798412639252e+01
1.268191968866976893e+01
1.268372646676829874e+01
1.268477105739301258e+01
1.269014477470214430e+01
1.269493798460506895e+01
1.270223392161946663e+01
1.270447055379115575e+01
1.270451993999382090e+01
1.270622780432351107e+01
1.270727791941458840e+01
1.272652166310790278e+01
1.272902685612703699e+01
1.273469085093343978e+01
1.273903881251103876e+01
1.274070980334194303e+01
1.274250868829700423e+01
1.274286527110619893e+01
1.274930408821387928e+01
1.275719889503195148e+01
1.276425708201957221e+01
1.276751889612953050e+01
1.277060630475609493e+01
1.277108938932704696e+01
1.277913781766902268e+01
1.277946063939339894e+01
1.278145664176851959e+01
1.278262407483609486e+01
1.278612615663555374e+01
1.279473361293170797e+01
1.280545338763136165e+01
1.280843977287119451e+01
1.281562747593882534e+01
1.281870819824917263e+01
1.281887425690983662e+01
1.282582810947016938e+01
1.282842939662929105e+01
1.283057655592989832e+01
1.283380755378797744e+01
1.283425556455099326e+01
1.283958714709980953e+01
1.284117594927110062e+01
1.284493159895653491e+01
1.285298750329676665e+01
1.285548227247579156e+01
1.285705956777640679e+01
1.286550309163670036e+01
1.286657000850110499e+01
1.286947870316352294e+01
1.287191148330008872e+01
1.287439387783148170e+01
1.287966285950015788e+01
1.288089916222112308e+01
1.288599193053738290e+01
1.288851170880680286e+01
1.289856264019413423e+01
1.290022905483669646e+01
1.291016249279499206e+01
1.291157892699263954e+01
1.291633996252751615e+01
1.291791579560175762e+01
1.292156110988057982e+01
1.292702931696425139e+01
1.293611554547098663e+01
1.293630569802100538e+01
1.293767034775610725e+01
1.293767479756561478e+01
1.294161781692035262e+01
1.295428936229064476e+01
1.295517338990041090e+01
1.295814692404096924e+01
1.296105787778844665e+01
1.296663847735952402e+01
1.296726168785061262e+01
1.296815658762974088e+01
1.297617366471313360e+01
1.298233644318979785e+01
1.298582047547608553e+01
1.298846951378222592e+01
1.299505829342242791e+01
1.301348979292432162e+01
1.301465698865748166e+01
1.301629959815330118e+01
1.301947749962420886e+01
1.302973756722255771e+01
1.303318480109132338e+01
1.303616168426181154e+01
1.303654721623789925e+01
1.304599215854099903e+01
1.304867143338617197e+01
1.304920466932832568e+01
1.305134481493276866e+01
1.305814212816521547e+01
1.305978587904591137e+01
1.306759412564658263e+01
1.306927560245988218e+01
1.307081488714727335e+01
1.307534678603199296e+01
1.308183084156561726e+01
1.308486501878777553e+01
1.308667934649214892e+01
1.308704262150999575e+01
1.308796287572440420e+01
1.308924605533530183e+01
1.309716889035099818e+01
1.310138431589166252e+01
1.310395603873472936e+01
1.310453263387964640e+01
1.310712932215496096e+01
1.310825133149109867e+01
1.310910297898228727e+01
1.311067875877227529e+01
1.311292697852307754e+01
1.312413320509404535e+01
1.312476194835732279e+01
1.313173476568226583e+01
1.313580714358045221e+01
1.314111559544265795e+01
1.314368942620868097e+01
1.315085361918422890e+01
1.315702843968070113e+01
1.316753824724930055e+01
1.317179938418008334e+01
1.318113598106720907e+01
1.318174350574597575e+01
1.318233710556777361e+01
1.318757468189789428e+01
1.318801495861053752e+01
1.319014143882397150e+01
1.319109508993919277e+01
1.319380994727602996e+01
1.320693718121023252e+01
1.320951366564016993e+01
1.322093967012461135e+01
1.322564970680507201e+01
1.323093146725798164e+01
1.323460702159208502e+01
1.323601595045293067e+01
1.324162333597177721e+01
1.324487619249357984e+01
1.325203935033233016e+01
1.325413560345690200e+01
1.325445304852796724e+01
1.326365587093122578e+01
1.326543764413248994e+01
1.326748639991942724e+01
1.327298037836522049e+01
1.327345015444992171e+01
1.327513903375288429e+01
1.327753279599675729e+01
1.328051085313751400e+01
1.328377607670335081e+01
1.328748105289198911e+01
1.329718581830397639e+01
1.330431282245802826e+01
1.330930303413887827e+01
1.331819340786100803e+01
1.332048017245679183e+01
1.332777255261987470e+01
1.332854740843564301e+01
1.332910137734549849e+01
1.333228600591211332e+01
1.333763242516870662e+01
1.335325392651106924e+01
1.335585458759074839e+01
1.336067952604468978e+01
1.336816354499689652e+01
1.337059188427460299e+01
1.337447160904812904e+01
1.337808634058724877e+01
1.338683898530164385e+01
1.339595302411232147e+01
1.340019598078038143e+01
1.340019765546706942e+01
1.340223932839086096e+01
1.340750227346876855e+01
1.340900886478785736e+01
1.343976739057854886e+01
1.344159253513699603e+01
1.344384688964588470e+01
1.344808658472613416e+01
1.345072124699012051e+01
1.346275359928088200e+01
1.346443869669798232e+01
1.346872424801973978e+01
1.348685076879830724e+01
1.349901107990242899e+01
1.350089345576372857e+01
1.351053647660853940e+01
1.351379764748579682e+01
1.351507350811588459e+01
1.351891269681071606e+01
1.352816761514473853e+01
1.353258665331305011e+01
1.354346646957129074e+01
1.354501317339438593e+01
1.354723470645609495e+01
1.359020596018938143e+01
1.359463192247653573e+01
1.359523692703737652e+01
1.360150146041149100e+01
1.360300718321547286e+01
1.360369651227981436e+01
1.360682401393908947e+01
1.362198563890659386e+01
1.362428909614221695e+01
1.362480828971601277e+01
1.363726417181322681e+01
1.363840710498162068e+01
1.364295772609280810e+01
1.364604734389268970e+01
1.364709851773770488e+01
1.364973080761293289e+01
1.367839980453359416e+01
1.368173917055715272e+01
1.368346170144953611e+01
1.368781002344694819e+01
1.368828746331315394e+01
1.369311838913242418e+01
1.369717750697891212e+01
1.370190726038956974e+01
1.370571453761799852e+01
1.373096202253192111e+01
1.374393912615764712e+01
1.374500407515585110e+01
1.375800883251712037e+01
1.375933787277212517e+01
1.376956685200196873e+01
1.377978517714818452e+01
1.378129614227791677e+01
1.379740017101265792e+01
1.380108339167134268e+01
1.382633248722495267e+01
1.383472795134466793e+01
1.383689443474500891e+01
1.386647520946120693e+01
1.388075445929403706e+01
1.389292139334732035e+01
1.389773606751134771e+01
1.389870108357317413e+01
1.390413278974998157e+01
1.390732025930435434e+01
1.392727772558161803e+01
1.393005607654630040e+01
1.394864030924678922e+01
1.395064410545677447e+01
1.395751203356637227e+01
1.396073249626757118e+01
1.396400820672488408e+01
1.396765751869226335e+01
1.400964856036002004e+01
1.401616651614442155e+01
1.402203691818163733e+01
1.402627679196631405e+01
1.403197855205387334e+01
1.404407994438792784e+01
1.404820111201844846e+01
1.405663753722176423e+01
1.408052594451996775e+01
1.408717548594744429e+01
1.408832416879509708e+01
1.409876655207884255e+01
1.412019400966672222e+01
1.412388594767602079e+01
1.413677758333188095e+01
1.413945626262551691e+01
1.414068620345682348e+01
1.414118934856868037e+01
1.414637855638433983e+01
1.414688957742673558e+01
1.414707847853636302e+01
1.415173225149706759e+01
1.416201481364199743e+01
1.416634106282067407e+01
1.417449479303249937e+01
1.418354832694302026e+01
1.424139127870444455e+01
1.424224150810520051e+01
1.425159295081566313e+01
1.425702726946277998e+01
1.426218751853386735e+01
1.426506267277390450e+01
1.426566833267281709e+01
1.426977943474675747e+01
1.428458857875044252e+01
1.428866603789542111e+01
1.429199420590318326e+01
1.429384057014633314e+01
1.429407674118443161e+01
1.429660086644409844e+01
1.431417447216879424e+01
1.433080337336165577e+01
1.433198069012842346e+01
1.434594162079850044e+01
1.435141591613712997e+01
1.435328574606013596e+01
1.435458457047355729e+01
1.435577602015228926e+01
1.436676048282988738e+01
1.439087640550971159e+01
1.439531868355650879e+01
1.440212132779264032e+01
1.443043949035346785e+01
1.444033958392570938e+01
1.445388156399738477e+01
1.447053544218115029e+01
1.449639050826327491e+01
1.449736560176114075e+01
1.451464215933962798e+01
1.453031460543373399e+01
1.453854787963083695e+01
1.456218146701115757e+01
1.457890712230874186e+01
1.458303985510776002e+01
1.458678451539492293e+01
1.459511360786821221e+01
1.460628352769537841e+01
1.462865492778801979e+01
1.463054099637545491e+01
1.464317525307219903e+01
1.464810672180426643e+01
1.465346873049550780e+01
1.466374914758712933e+01
1.467217588271774353e+01
1.467735641248352607e+01
1.469609066285475940e+01
1.471847824867347754e+01
1.472403866848751264e+01
1.473605626273328006e+01
1.478358738258495286e+01
1.478514717257393052e+01
1.482164478965113474e+01
1.487184433596230804e+01
1.489707521555797065e+01
1.491415869381681425e+01
1.492081450432545786e+01
1.495095979813464027e+01
1.498168739885168321e+01
1.498715243513434636e+01
1.504145692650810773e+01
1.505315261918840797e+01
1.506818757022142918e+01
1.507701735946135457e+01
1.509486197879125768e+01
1.510554907875476260e+01
1.511081364785937176e+01
1.514047279651435929e+01
1.514059032612448696e+01
1.514993152942893850e+01
1.515439994327647177e+01
1.516605437840724235e+01
1.517268396357170523e+01
1.519861307631209790e+01
1.521157757793142196e+01
1.522447134683200076e+01
1.527658350399075537e+01
1.528695172432700211e+01
1.532819579800289489e+01
1.543239622242726128e+01
1.543638775974928734e+01
1.545998404635991363e+01
1.550467653531726775e+01
1.550998722536043495e+01
1.553622489971402665e+01
1.557245265073869689e+01
1.557352486430330707e+01
1.557480308011029990e+01
1.558248033104347030e+01
1.563705429343706577e+01
1.567824234235281367e+01
1.568818386200946868e+01
1.572895967054203403e+01
1.576427930029398894e+01
1.579468471692626252e+01
1.582879646122570882e+01
1.586237661891215467e+01
1.588607092055076109e+01
1.590683121958737090e+01
1.591567472462430999e+01
1.593431370232207378e+01
1.593693228065224687e+01
1.599771826667948282e+01
1.606478048724972041e+01
1.611488589121661974e+01
1.612329504004433645e+01
1.616158930860660448e+01
1.621471333707194518e+01
1.626593942158566009e+01
1.632871495642299564e+01
1.638291012713029815e+01
1.645562092113199171e+01
1.647735190294364216e+01
1.649636318607210228e+01
1.649649912786453854e+01
1.654786539417970204e+01
1.656131850054686083e+01
1.668039429066395840e+01
1.686376763123721290e+01
1.704935451971161342e+01
1.728860316947288922e+01
1.747942428626056000e+01
1.882146718322722379e+01
2.031125679335892897e+01
