7.995782421361583014e-02
9.464310654720678451e-02
9.719886389273467431e-02
1.038624408559702672e-01
1.281627499738199061e-01
1.311265648479866819e-01
1.321746397377030757e-01
1.361750019107452470e-01
1.372144060461976678e-01
1.400869436759488718e-01
1.513092877489035648e-01
1.515274263848049863e-01
1.620857811405033433e-01
1.641048195144347022e-01
1.761764288633786979e-01
1.769674643813810566e-01
1.846754320166284769e-01
1.849863606158644314e-01
1.854850317782797686e-01
1.902649593811277240e-01
1.941840327286115109e-01
1.998853988044088092e-01
2.000849448597067926e-01
2.012614526450623442e-01
2.052359828715721868e-01
2.084348659873526133e-01
2.085308605387176661e-01
2.124941586299364249e-01
2.142670488361662906e-01
2.146539589070842191e-01
2.165766978997777370e-01
2.251157170643327543e-01
2.265212586639384629e-01
2.267580968572415756e-01
2.268818349055551631e-01
2.348047203720148302e-01
2.393490870306239360e-01
2.396501189714198843e-01
2.397726465466781254e-01
2.406435916471978409e-01
2.412616552089422162e-01
2.415149266143238049e-01
2.443010082142151873e-01
2.469114121397694706e-01
2.473292751667472145e-01
2.473422841032650310e-01
2.476997744393663603e-01
2.510470273742274050e-01
2.536511044299177287e-01
2.576261529119329707e-01
2.605210939398215353e-01
2.619468893446460500e-01
2.635005281512547981e-01
2.654487391593152168e-01
2.657043319248587609e-01
2.657929098482831320e-01
2.714059319912075496e-01
2.734651255056919084e-01
2.761433407931331852e-01
2.771113656022267113e-01
2.771576162856554948e-01
2.776928036796258992e-01
2.786012334392493628e-01
2.786293779537403204e-01
2.788926349335790755e-01
2.791906963067198322e-01
2.808250882081109179e-01
2.827359564460999453e-01
2.829169728501775838e-01
2.848862628128080998e-01
2.859116134529576247e-01
2.860455086438337680e-01
2.875914105226972106e-01
2.904292789279971365e-01
2.926986246559446503e-01
2.931249894446839033e-01
2.950434963341397876e-01
2.964676720489208273e-01
2.971786397728431450e-01
2.982414122933079170e-01
2.983918549603162829e-01
3.001265797673038915e-01
3.013060134234275544e-01
3.016962288247021506e-01
3.017314449594664660e-01
3.041391653779016990e-01
3.053019422747580425e-01
3.070859497740889288e-01
3.073353951161389985e-01
3.137368912279406841e-01
3.160517980881645816e-01
3.169378871429291422e-01
3.189806636745783353e-01
3.198556106965393941e-01
3.205735554773526119e-01
3.216646996017383797e-01
3.222982089316782650e-01
3.225646109327052202e-01
3.229123575852380634e-01
3.238751948366693778e-01
3.258116317526267292e-01
3.294597687927114937e-01
3.305380459592996423e-01
3.320726271064603496e-01
3.330820124408478411e-01
3.342931276193821799e-01
3.345878488425562125e-01
3.363586716031286561e-01
3.391322853447684693e-01
3.394613746862972237e-01
3.406894907986022236e-01
3.407131562307030292e-01
3.411025013143615392e-01
3.430736124682423061e-01
3.456668201844355082e-01
3.461024688067085298e-01
3.478801122170642190e-01
3.490419142423799581e-01
3.499978072288201791e-01
3.511381456558323455e-01
3.521121207613837067e-01
3.526174408473755073e-01
3.534273870252964689e-01
3.544002795243323956e-01
3.550107772722450594e-01
3.550859455426041977e-01
3.562855749238559300e-01
3.591538538745692177e-01
3.595126073556768609e-01
3.595721853192305750e-01
3.612297435505011367e-01
3.619748750989656427e-01
3.622599974589118532e-01
3.630950396258096902e-01
3.631209667105333438e-01
3.634916758353747834e-01
3.643252867620804802e-01
3.645847875792813664e-01
3.648916332465474976e-01
3.654084703181759708e-01
3.658487944455708907e-01
3.665225382326896542e-01
3.666412921379488266e-01
3.695615785137179032e-01
3.695893119173077057e-01
3.714971381270727457e-01
3.732795498624618125e-01
3.736799195838225729e-01
3.741950795619959913e-01
3.744845995854626519e-01
3.748901039632297483e-01
3.755376059303331404e-01
3.766269497862538840e-01
3.772931577628008681e-01
3.773591952850239295e-01
3.792135553988885688e-01
3.815010365236482515e-01
3.822268963351415083e-01
3.846991622200601202e-01
3.856395267388162962e-01
3.868383426619681487e-01
3.868625504783181346e-01
3.875059919697658728e-01
3.875794983954974349e-01
3.892926307733466929e-01
3.909026314327564422e-01
3.913115604857868024e-01
3.915061491601798394e-01
3.919295698478552081e-01
3.933041364184008959e-01
3.947215031487278369e-01
3.948702252327491169e-01
3.957659241653977977e-01
3.981562046107888775e-01
3.991357785275392311e-01
4.005666947012522239e-01
4.015141891144255459e-01
4.019454049472961921e-01
4.032424860706497194e-01
4.034476881934133119e-01
4.041295033695536665e-01
4.049375588340916043e-01
4.056443330200165676e-01
4.058041034815192960e-01
4.069378242602300633e-01
4.070527200994403794e-01
4.081413520621910429e-01
4.081856375864368336e-01
4.087696696542889030e-01
4.110545452934972754e-01
4.125762801660656232e-01
4.134845491644123516e-01
4.152709442129243200e-01
4.160510490468193878e-01
4.166491917874969308e-01
4.168867032016034813e-01
4.177481255203990829e-01
4.179060199515079455e-01
4.196647638267385627e-01
4.203053177923052330e-01
4.215938992777595873e-01
4.217963955109979013e-01
4.224599843634037066e-01
4.226774614685844811e-01
4.227696985763830240e-01
4.229190031262080596e-01
4.247387362655437593e-01
4.252503913456892604e-01
4.257382962631497403e-01
4.262684758931249984e-01
4.265325841040348842e-01
4.268266471506972914e-01
4.282577665408844880e-01
4.288658204677576746e-01
4.291511220278151351e-01
4.312053421093845484e-01
4.317042970978863248e-01
4.324086464051804524e-01
4.324377607620337738e-01
4.325059621827661016e-01
4.325060359953715183e-01
4.334802813663911070e-01
4.343449567414771062e-01
4.344993250786806094e-01
4.351598452761674118e-01
4.374799187906925901e-01
4.377114349812243899e-01
4.394234471592589619e-01
4.402894140192142314e-01
4.415243675128277534e-01
4.416891943400941822e-01
4.420542089744480818e-01
4.426677103021783299e-01
4.443458878845658599e-01
4.445000667184653143e-01
4.446949784443854914e-01
4.450868041421112142e-01
4.451025968767688967e-01
4.452050906216331039e-01
4.500941972281197190e-01
4.502588448638087937e-01
4.509763779124384420e-01
4.510689114261118848e-01
4.532058620632423707e-01
4.536852112329749498e-01
4.538977310369891605e-01
4.543076407147541573e-01
4.549399070164974468e-01
4.550089212199543431e-01
4.551453135808357642e-01
4.552899787960383304e-01
4.561111551951469445e-01
4.572368443865756915e-01
4.576385855483119380e-01
4.584222440593716530e-01
4.598412001329255649e-01
4.600663468176702242e-01
4.602066561490128493e-01
4.606116573226465283e-01
4.606921366994395362e-01
4.607763617544747836e-01
4.609438623443923855e-01
4.611082174644487996e-01
4.632017349612279622e-01
4.635936311417291900e-01
4.641704437169820174e-01
4.642016301396096334e-01
4.646534700054631983e-01
4.661709046070599549e-01
4.667890277128501908e-01
4.673438037734971573e-01
4.687979421698921234e-01
4.688798088406014863e-01
4.692928878716731145e-01
4.693568557118768525e-01
4.696761843741233955e-01
4.696984915124063908e-01
4.698694675777709273e-01
4.703114433123083971e-01
4.712618185294357720e-01
4.717810499838570037e-01
4.718050447822568216e-01
4.723818458271694665e-01
4.729126661956369326e-01
4.734481708581488313e-01
4.742254476150308262e-01
4.750860821866509931e-01
4.752098065775435809e-01
4.761925852521451952e-01
4.785828077875136088e-01
4.787332672966710390e-01
4.789774093951095768e-01
4.793983826199633702e-01
4.810198002347509383e-01
4.815342020842051096e-01
4.833428190794588075e-01
4.837841846127067247e-01
4.839601001102117883e-01
4.841639990979298425e-01
4.844797730123336366e-01
4.853749524244891922e-01
4.863799138419381829e-01
4.867235325924331724e-01
4.873412098836585882e-01
4.887458028529451659e-01
4.888004791602457710e-01
4.897140721248139927e-01
4.903352923153668219e-01
4.906927004780901602e-01
4.916857905914249760e-01
4.919836613134601633e-01
4.920663698016403687e-01
4.920749016708623191e-01
4.921310440154448296e-01
4.921993984692026869e-01
4.922500827536190338e-01
4.927157128449600187e-01
4.929017273703670265e-01
4.929340053681323108e-01
4.941552546165106086e-01
4.945083084703917331e-01
4.949485709255914689e-01
4.966441591423153001e-01
4.971388464559952092e-01
4.972190755313733446e-01
4.972399312685306660e-01
4.985587603738232954e-01
4.986218680165432904e-01
4.995190707396937602e-01
4.998314897615562247e-01
5.004554803867372614e-01
5.004846022039023401e-01
5.006271445489243188e-01
5.010965877928114098e-01
5.025099197138170881e-01
5.029867779697896335e-01
5.039119759817909383e-01
5.064065536969492021e-01
5.065048768819381264e-01
5.066016633858476670e-01
5.069547507803059405e-01
5.073144268278440006e-01
5.073349342371327175e-01
5.077230407442884230e-01
5.080930415647314513e-01
5.091158118028038526e-01
5.101006953441562519e-01
5.106099850333599699e-01
5.108521157781031885e-01
5.110823863539184497e-01
5.114826928152874652e-01
5.125781428903397607e-01
5.131801427174894625e-01
5.140358248162922861e-01
5.153469892250129858e-01
5.156864290749871849e-01
5.166100640783243270e-01
5.168208468491639618e-01
5.182153389340121707e-01
5.186901012396978317e-01
5.196738643119679368e-01
5.202561836753577529e-01
5.213587864339040978e-01
5.215217713520524656e-01
5.221034150046341971e-01
5.222117012611757758e-01
5.225789300653285174e-01
5.226555955526799302e-01
5.227547374528551671e-01
5.227923140948507186e-01
5.233427272430387633e-01
5.241542397847442913e-01
5.256458867350131126e-01
5.257977386295306088e-01
5.258807575996655714e-01
5.262445662419263925e-01
5.262993331930562180e-01
5.271781904701305921e-01
5.278113181399093357e-01
5.284030762174103391e-01
5.289871996427564227e-01
5.297945131613186476e-01
5.299404731657451073e-01
5.303987292697507350e-01
5.307059391598628606e-01
5.308476939580364373e-01
5.309122554974898822e-01
5.312366216947720376e-01
5.315347790307864972e-01
5.326354030677525886e-01
5.343437408615344664e-01
5.357273170526166695e-01
5.364472919650674632e-01
5.364812426675722445e-01
5.366209186287376198e-01
5.377395144982495268e-01
5.384413534012836289e-01
5.384879037129244317e-01
5.384940748170135016e-01
5.387399314883306589e-01
5.404283309468619345e-01
5.408926891359810973e-01
5.429147955297611849e-01
5.443707642284498771e-01
5.444995556068047415e-01
5.446676666190912730e-01
5.446856332624168129e-01
5.459967853083372846e-01
5.460200687156452348e-01
5.460282807510605796e-01
5.471079570621539823e-01
5.485558864332022999e-01
5.487920257683652769e-01
5.491739640463976224e-01
5.493936468736041467e-01
5.498978677464183562e-01
5.509608140526992548e-01
5.515089447318948235e-01
5.517324662155697057e-01
5.517763025935787935e-01
5.520426924650041478e-01
5.522546497259425147e-01
5.526938400898810944e-01
5.535237445426274272e-01
5.537543321460841605e-01
5.543031416465162842e-01
5.545625173676742570e-01
5.545645702130405086e-01
5.547135801243566755e-01
5.550902721204729051e-01
5.552424568295593055e-01
5.553072248525457999e-01
5.556156694406563235e-01
5.558244416277061672e-01
5.558795605032008647e-01
5.560301714361999270e-01
5.562919042624652199e-01
5.567052378513029920e-01
5.568041053033927490e-01
5.571106722043251969e-01
5.573343864226292244e-01
5.573805267583143985e-01
5.577731430653887212e-01
5.595118654496028521e-01
5.605217183779539480e-01
5.620809488816740362e-01
5.632175286729381725e-01
5.638004100312670186e-01
5.639213632709273449e-01
5.641159690833037477e-01
5.656512016455312875e-01
5.666760213652141109e-01
5.669524669561913921e-01
5.671194751597922190e-01
5.675895505201835611e-01
5.676813520105649102e-01
5.677928154092025670e-01
5.684230477818109639e-01
5.685585710635547851e-01
5.695617001097703636e-01
5.696288108694068653e-01
5.699708733841311048e-01
5.701697732952736297e-01
5.704595268131839036e-01
5.706685213473915441e-01
5.707553050727749433e-01
5.707920939434379948e-01
5.708256759102855460e-01
5.720714939991362602e-01
5.728357027625536890e-01
5.729032633395912955e-01
5.734009101553865229e-01
5.743567719951585548e-01
5.745127643913143789e-01
5.755617438802396180e-01
5.762207947354258675e-01
5.767300143187253925e-01
5.768869457552360247e-01
5.772924236809023890e-01
5.775923198552155302e-01
5.776379677447641692e-01
5.783513097975033768e-01
5.784813613558660306e-01
5.787613491809810995e-01
5.788915764256126195e-01
5.791502203782304958e-01
5.796851765980354232e-01
5.799772602028530066e-01
5.803351020944339522e-01
5.817743119628792092e-01
5.825732616841557965e-01
5.827594175181238789e-01
5.834034386401576455e-01
5.836458436711907671e-01
5.843420494444413471e-01
5.846562504170743635e-01
5.849095965997681557e-01
5.850918229986588059e-01
5.853129110830086468e-01
5.854062506843499269e-01
5.859334062827800116e-01
5.861749498862270924e-01
5.862994322686697624e-01
5.866164733991875435e-01
5.869542355429555602e-01
5.873289076736535330e-01
5.889754525602569624e-01
5.890139363242680171e-01
5.892128495564580293e-01
5.894665046885708692e-01
5.901716289241555335e-01
5.910200032404339110e-01
5.915124770359552198e-01
5.918118783940717886e-01
5.937944666172146890e-01
5.939918204412467650e-01
5.941474859584850998e-01
5.941506912288361253e-01
5.941688510333744677e-01
5.941706143239768867e-01
5.943603794856316958e-01
5.957238781975926489e-01
5.960331000418750413e-01
5.960840235265255638e-01
5.968697994177036836e-01
5.976056226289291340e-01
5.989590698643647571e-01
5.991107911894264504e-01
5.998175377760740501e-01
6.006670682751539259e-01
6.007235344131649502e-01
6.010799475932704361e-01
6.011883964299958860e-01
6.014067624925006905e-01
6.016190640551786206e-01
6.021620728065523176e-01
6.022677314570455964e-01
6.029556627160164162e-01
6.030451868651054426e-01
6.033018513560949314e-01
6.038596746858495568e-01
6.050084263135061535e-01
6.058037426136358983e-01
6.064150474627949539e-01
6.071577299597102906e-01
6.073883772626134103e-01
6.078176212236128251e-01
6.078227427195339594e-01
6.078642588693058402e-01
6.079690345173694999e-01
6.081008976439333802e-01
6.083925761773497642e-01
6.085336606074595034e-01
6.102994207519454317e-01
6.105240947940414609e-01
6.128482192908805137e-01
6.133206362535634781e-01
6.143365340417493714e-01
6.145848494008119278e-01
6.150023737872434282e-01
6.151302213156938370e-01
6.153883035156798575e-01
6.161624596454909897e-01
6.169887939523437392e-01
6.179550283888044504e-01
6.181524166499264838e-01
6.189900192532262757e-01
6.215066619866196351e-01
6.217145431001103173e-01
6.220155149380591775e-01
6.227721751422419239e-01
6.237845617913053697e-01
6.242521497115002260e-01
6.249052835132294925e-01
6.249220327350539783e-01
6.250548414390830754e-01
6.257307186068402638e-01
6.260906901959988335e-01
6.263258997370658721e-01
6.270542440100602688e-01
6.272224790010384465e-01
6.273873198865507206e-01
6.279042685795337420e-01
6.281479151849743703e-01
6.296659600685244884e-01
6.298871793192608592e-01
6.301622477882039552e-01
6.304065946772341444e-01
6.305795985746168730e-01
6.306412382257524651e-01
6.311258248178759356e-01
6.316155997195550542e-01
6.317282425658328204e-01
6.320039655932737643e-01
6.321372727547521775e-01
6.327924034884815363e-01
6.330271793468872366e-01
6.342072417572885978e-01
6.342236582025795322e-01
6.344310575640643712e-01
6.351233734571387624e-01
6.352987485660062106e-01
6.357799895570018789e-01
6.359088254829444731e-01
6.360212237311144712e-01
6.361943418886556456e-01
6.363545760390083572e-01
6.365910564821327666e-01
6.370172704585042034e-01
6.373205157260198872e-01
6.376120348616383104e-01
6.383517527419245718e-01
6.386594990585625631e-01
6.394069963428614667e-01
6.404088461602944760e-01
6.405477281104469123e-01
6.411933100995503843e-01
6.413279963619622492e-01
6.415150136250843405e-01
6.418095654608959588e-01
6.421554118650597553e-01
6.425903558481025346e-01
6.426496207943949157e-01
6.427364543560595278e-01
6.430904077892428683e-01
6.432662566029029305e-01
6.433942124160840770e-01
6.434918589309365222e-01
6.437836025716198174e-01
6.440329857779575340e-01
6.443677159892408080e-01
6.448320234124343964e-01
6.449190670242371803e-01
6.449969974657973060e-01
6.456610209527821054e-01
6.459514793619601791e-01
6.460950749382443625e-01
6.462693738283192824e-01
6.469677208352713205e-01
6.471357818399321449e-01
6.482762264140086161e-01
6.490851598953837343e-01
6.491016279701680158e-01
6.496089132079675421e-01
6.498344375782389992e-01
6.499151078154103978e-01
6.503629337135662380e-01
6.509110154132285997e-01
6.514872741831019276e-01
6.517913036747962074e-01
6.526994064854594324e-01
6.527027262680751285e-01
6.529600032739054649e-01
6.533344758333359259e-01
6.533456078332390282e-01
6.534561163749069701e-01
6.540412931273941188e-01
6.544021218046053301e-01
6.550883636722619752e-01
6.552075922632065730e-01
6.552998277473095490e-01
6.553165939476447432e-01
6.555847839303249325e-01
6.559288385145323197e-01
6.563742329815346332e-01
6.565931383364309593e-01
6.567491347727663076e-01
6.567541108642623859e-01
6.570060166692001102e-01
6.573265858884531632e-01
6.576496995888541086e-01
6.579990792515590936e-01
6.589283897046774863e-01
6.597183321890969232e-01
6.597891819665254731e-01
6.600651427637657109e-01
6.605572564867120411e-01
6.608822503252125280e-01
6.611204271656317966e-01
6.611566725547588508e-01
6.614287125346596241e-01
6.620150719286993501e-01
6.621073911648600596e-01
6.625175828961438196e-01
6.626536033108553214e-01
6.630555071384166554e-01
6.630699390565187867e-01
6.631582195302117011e-01
6.639529018292332774e-01
6.643585778029105215e-01
6.644256889165031099e-01
6.645897871143445768e-01
6.648048400733772567e-01
6.659699474838091104e-01
6.662543024295559668e-01
6.664428406459383947e-01
6.665040436070398533e-01
6.668931941856642842e-01
6.675305859476327042e-01
6.676134688719660426e-01
6.679730998553004007e-01
6.681005153296455390e-01
6.687502846981656646e-01
6.692918843773659754e-01
6.695836727392621146e-01
6.698851786095175731e-01
6.699735138115749944e-01
6.701608736757436180e-01
6.705462101502109862e-01
6.724125326517080836e-01
6.726069210672609433e-01
6.728541275839936553e-01
6.729228511972163984e-01
6.745668636340927948e-01
6.746140435185764561e-01
6.748507014688868155e-01
6.751800045046663090e-01
6.756491655861486256e-01
6.756928514523832252e-01
6.764379347184559244e-01
6.765017821110042018e-01
6.766269683761960696e-01
6.770013423663688856e-01
6.772267116583698954e-01
6.773468765499807143e-01
6.780563299966864133e-01
6.783445674283892224e-01
6.788252467481782348e-01
6.793030931582014764e-01
6.796685923150631581e-01
6.817817450007835900e-01
6.820644828940675142e-01
6.827687291384688661e-01
6.831167652884616581e-01
6.832860253574117859e-01
6.854231442800278185e-01
6.859632156492425636e-01
6.862076010116719971e-01
6.863750937470988189e-01
6.871612143107932447e-01
6.874359911894830644e-01
6.876117726619299653e-01
6.884150415535403855e-01
6.888481394087342391e-01
6.897611132617376128e-01
6.907628759406319041e-01
6.916726334250513641e-01
6.925557930747910929e-01
6.926699422917009796e-01
6.939450386930783310e-01
6.942095372922985064e-01
6.946025921912212242e-01
6.949050790061935823e-01
6.952610466720291482e-01
6.959721485204459768e-01
6.960398767880472404e-01
6.983520825011665378e-01
6.983923761611020575e-01
6.983994159433450921e-01
6.988053411275531035e-01
6.988803309459855617e-01
6.991283653821194211e-01
6.992047826873318828e-01
6.992049842250829261e-01
6.996420466606860789e-01
6.999536147194795888e-01
7.003027198737777903e-01
7.004877236706327226e-01
7.013460751999234244e-01
7.014298522304793782e-01
7.018049486543870286e-01
7.037608975953423274e-01
7.039478090679770483e-01
7.043807182132069133e-01
7.045667994117825739e-01
7.047308732298659395e-01
7.053152548632891650e-01
7.055395047351836757e-01
7.069019969930278036e-01
7.074160152244685085e-01
7.074914476850057143e-01
7.075527638758694060e-01
7.088869615538145874e-01
7.091134024285454807e-01
7.091987785461340010e-01
7.092247498203640976e-01
7.092967621829224800e-01
7.095432837787776226e-01
7.096696039525367539e-01
7.096881339674599998e-01
7.099328312494099791e-01
7.100766623018143209e-01
7.101000755655523244e-01
7.103464948478662722e-01
7.108688696978032739e-01
7.116997478593758419e-01
7.122474094242426945e-01
7.125197881496428964e-01
7.125849355165608801e-01
7.126000619713506179e-01
7.126070571590560343e-01
7.126480074035678181e-01
7.130705247653904566e-01
7.130893525520025644e-01
7.133222175319904323e-01
7.138151900221784141e-01
7.138713508038506683e-01
7.140241125427458924e-01
7.151470920335957215e-01
7.152876043999066846e-01
7.154544432994960346e-01
7.157707635258732104e-01
7.160560925355472506e-01
7.161462092038685112e-01
7.162538336734214361e-01
7.165319710200455106e-01
7.169569359314942325e-01
7.170191695342386096e-01
7.170857852006627953e-01
7.173869432657767886e-01
7.174587160585222945e-01
7.176702148076455900e-01
7.182670463214508860e-01
7.190629040750492473e-01
7.191741613538992217e-01
7.192976909079621395e-01
7.206041493098618300e-01
7.208590401695444960e-01
7.216308857299970070e-01
7.219451488171887421e-01
7.223086087729674309e-01
7.230253378379892792e-01
7.232804743235362599e-01
7.232849534349244935e-01
7.244101749926927791e-01
7.244857256063144124e-01
7.249679894371106048e-01
7.250510192955753608e-01
7.251310908484026596e-01
7.256735659102357960e-01
7.259832538367736454e-01
7.260329600526488347e-01
7.266665224314725613e-01
7.268551591909852005e-01
7.275297270707327124e-01
7.289751509083178815e-01
7.293162159664176025e-01
7.293272577945902890e-01
7.294104883192076283e-01
7.310215301257944054e-01
7.311238083781365082e-01
7.316204419078451426e-01
7.322173642783506020e-01
7.322329976867180124e-01
7.324921222799894993e-01
7.338159566622174390e-01
7.346352057805903835e-01
7.350951240403021947e-01
7.359351035586501055e-01
7.361561305930517385e-01
7.371200844114450534e-01
7.374005691631975168e-01
7.378620911255778791e-01
7.379676004411251933e-01
7.384051602729666541e-01
7.384294466836683890e-01
7.386129176667138863e-01
7.393015421981572466e-01
7.393316941988579138e-01
7.397554623926200223e-01
7.398478369217261763e-01
7.404270735800481118e-01
7.432275128562393363e-01
7.434716335496739381e-01
7.436427390334366949e-01
7.437983990528238554e-01
7.440352013955442434e-01
7.441131384543790972e-01
7.442960284924433623e-01
7.447550059799006306e-01
7.448660096737494962e-01
7.448820782031864152e-01
7.461867038098327631e-01
7.465864885975336263e-01
7.467188401717613777e-01
7.475501678500269254e-01
7.483330002593242547e-01
7.484016871400086535e-01
7.491003473420693171e-01
7.492908066330641326e-01
7.493693035056573359e-01
7.494581227018820568e-01
7.494752668621522673e-01
7.507793246798403208e-01
7.513199152410380277e-01
7.513624619933370052e-01
7.517166426044827876e-01
7.519669771236250355e-01
7.520946145124635107e-01
7.522143976788164821e-01
7.523478516820217843e-01
7.523520842327998670e-01
7.524798767862420634e-01
7.532486299545052555e-01
7.540971920119676764e-01
7.542460851167289704e-01
7.548482062154643346e-01
7.550072396261435781e-01
7.550486129297697691e-01
7.551734133454693909e-01
7.555550993143492766e-01
7.556434051545909414e-01
7.566671032238276862e-01
7.569559064025603856e-01
7.591117614019101678e-01
7.593469829586374509e-01
7.594952682636709751e-01
7.596023188190780262e-01
7.597733808568711833e-01
7.599474206983318769e-01
7.600649354375984545e-01
7.601224491258373739e-01
7.602706320176835231e-01
7.603938052899361644e-01
7.605350252378386688e-01
7.605386455038821714e-01
7.609949166186308345e-01
7.611062967891918385e-01
7.614563334214452528e-01
7.615942707138072532e-01
7.619718958674441822e-01
7.621771052421288939e-01
7.622094555003813277e-01
7.632718937729836561e-01
7.633302410946611882e-01
7.641129741156449384e-01
7.641130273462904965e-01
7.643326297606187758e-01
7.644690073152288212e-01
7.646324986784510669e-01
7.650906860734283388e-01
7.654948747107406248e-01
7.655349152311744509e-01
7.657506683981384343e-01
7.666967467694584260e-01
7.670885758615816341e-01
7.679250909450514584e-01
7.679768576690697568e-01
7.682821841604324797e-01
7.684498046519443459e-01
7.690523144569060277e-01
7.691259967542685150e-01
7.695064656901362543e-01
7.698745717906410047e-01
7.698987189871060455e-01
7.700002413024653602e-01
7.701850868263824257e-01
7.703713425107923118e-01
7.704678471752980373e-01
7.712817260597978342e-01
7.713118652137119780e-01
7.713923262015458526e-01
7.715035064530798570e-01
7.721932221099652160e-01
7.723739220083574164e-01
7.725506468029736951e-01
7.736357368983632909e-01
7.738914644842846968e-01
7.742560871779887721e-01
7.753691896820755769e-01
7.762728871915678397e-01
7.772227179521349338e-01
7.776020779328962629e-01
7.781555594768614359e-01
7.791233610856257430e-01
7.791604447560384061e-01
7.795208645667762726e-01
7.798696020167271703e-01
7.803440543241768612e-01
7.807589323839133622e-01
7.825426104739644506e-01
7.825430057818358875e-01
7.825593871439610050e-01
7.827703209946644813e-01
7.828002735752733754e-01
7.828627459437785818e-01
7.832147544517988891e-01
7.832568125699580497e-01
7.832943180417000217e-01
7.832960571926761428e-01
7.834185710521059942e-01
7.834496446851092477e-01
7.837866814596795573e-01
7.845004553797814140e-01
7.845245207073651139e-01
7.849029484848029092e-01
7.852209703707273558e-01
7.857682214370071971e-01
7.860892451386631841e-01
7.863146031844494566e-01
7.868976737763802021e-01
7.869010972088273936e-01
7.870678802083213021e-01
7.871560389513361233e-01
7.872100949221348953e-01
7.891000945896846641e-01
7.893497414176494642e-01
7.894015038694213171e-01
7.896894799420486333e-01
7.898914889693452457e-01
7.905139293855480975e-01
7.920746839740164802e-01
7.923412311267408192e-01
7.930386285162622784e-01
7.934769610037277765e-01
7.935984240147810898e-01
7.939900585467537519e-01
7.940408154848109801e-01
7.940530555773328558e-01
7.948815807017441948e-01
7.949116339958750554e-01
7.949817106546663847e-01
7.952400935209171795e-01
7.956245261711704098e-01
7.960831264262997475e-01
7.963959248150963566e-01
7.970258077915959305e-01
7.980684593540158245e-01
8.001536580523291864e-01
8.001585698747047948e-01
8.002380412048579750e-01
8.002431893769440530e-01
8.009016067312813014e-01
8.011657696943940143e-01
8.011909387594635668e-01
8.012548056666808360e-01
8.024421459498157772e-01
8.045557778892381551e-01
8.049207352148128880e-01
8.055687763645364985e-01
8.064928619705583612e-01
8.072656466444124712e-01
8.081971101473154340e-01
8.082207579111461149e-01
8.082406886596750217e-01
8.083134313592096332e-01
8.083947529631385631e-01
8.090656585769471221e-01
8.092642488497208131e-01
8.093873480796757169e-01
8.096414300660710328e-01
8.101805331123269616e-01
8.103419551405951493e-01
8.105711774184405360e-01
8.106947106959498939e-01
8.106976473931619687e-01
8.108282278507373819e-01
8.115103867573376650e-01
8.130716169963917439e-01
8.132585021669568315e-01
8.136489681253056272e-01
8.138785596293282021e-01
8.143786323029302832e-01
8.143789623053973026e-01
8.144295392095275421e-01
8.151641953613603109e-01
8.155587668604947771e-01
8.161017508708177104e-01
8.163178193149525086e-01
8.166522738278667592e-01
8.172310966027479529e-01
8.173462379854581350e-01
8.175485994982560900e-01
8.178438804855889810e-01
8.178860677992918493e-01
8.186561877782625452e-01
8.188795790511458339e-01
8.193506680706306167e-01
8.193605864570421282e-01
8.200586437657049199e-01
8.210021471179174135e-01
8.211963305024845283e-01
8.218289429706512328e-01
8.220654010709823600e-01
8.221642542598164294e-01
8.223606676530113013e-01
8.227435325076993822e-01
8.233635533823631114e-01
8.241742148350931219e-01
8.242772639194095863e-01
8.252227511252849812e-01
8.261472905565375724e-01
8.262317443270223993e-01
8.271174796723541611e-01
8.271513254551392524e-01
8.271716373063034977e-01
8.276150993038479120e-01
8.278103203552735767e-01
8.278675825262346022e-01
8.292491339161511821e-01
8.293352974796942556e-01
8.296850337560083277e-01
8.298303014353634044e-01
8.298957805817623878e-01
8.305111956698532083e-01
8.311050282253285015e-01
8.322124527773024916e-01
8.326105170135413847e-01
8.327361771923992295e-01
8.328747964710579987e-01
8.333317270033877566e-01
8.334972956938836441e-01
8.339222599522877477e-01
8.340177589856002660e-01
8.343709632093551098e-01
8.347921028683861211e-01
8.350798206861147488e-01
8.352102577947277950e-01
8.354960765654048105e-01
8.355409873097158213e-01
8.359088845942488355e-01
8.363728191926159683e-01
8.366283277800711238e-01
8.368066929881086136e-01
8.377069999072512818e-01
8.382872280138961019e-01
8.395283391311284538e-01
8.402879872476485268e-01
8.405616728340016275e-01
8.410666794068937246e-01
8.415704342462462240e-01
8.423982003107149952e-01
8.424260357886022010e-01
8.426286032828534944e-01
8.427358125862485227e-01
8.431956296196125855e-01
8.436064293885325860e-01
8.444136045284230674e-01
8.465303458637659650e-01
8.465410494548766263e-01
8.468125350909397886e-01
8.468187909141448033e-01
8.471701010974367341e-01
8.472964758389528450e-01
8.477020828093585481e-01
8.479852739973849918e-01
8.481535015045079673e-01
8.485130317059937921e-01
8.492390388386000799e-01
8.493544175788115824e-01
8.494334395519693715e-01
8.496765012324933863e-01
8.503852834394465265e-01
8.527051650122452475e-01
8.535755276591187046e-01
8.538047862360547136e-01
8.538558423108036921e-01
8.540755538410712555e-01
8.543532613131152864e-01
8.546172704309369372e-01
8.548670203028914116e-01
8.549640833485367963e-01
8.554629405300824274e-01
8.555185102267611752e-01
8.556362827115181480e-01
8.556709540634935829e-01
8.559663988738994700e-01
8.559723229597292482e-01
8.560054298770716219e-01
8.563954405755976884e-01
8.564978059994786674e-01
8.565136464920817261e-01
8.567011091151967017e-01
8.568240196908530892e-01
8.568771271473700768e-01
8.569414212004871079e-01
8.573399886290665739e-01
8.576394647785111625e-01
8.579100630941111083e-01
8.580141339538055467e-01
8.585855649143794288e-01
8.587832207469568990e-01
8.592300401197704440e-01
8.595597313713529974e-01
8.596809870232253736e-01
8.596904413615014118e-01
8.603687783533584543e-01
8.605607344132303327e-01
8.613996093494613593e-01
8.615668909235915107e-01
8.619038011815755018e-01
8.620671893844663591e-01
8.620860528819899171e-01
8.621955063728982127e-01
8.628546195188013801e-01
8.628951557194093347e-01
8.629572486633637629e-01
8.635279055633106049e-01
8.636159044048745681e-01
8.637321860239395299e-01
8.640571772207689127e-01
8.645258102332832317e-01
8.645849815189736720e-01
8.646743504707764538e-01
8.649840771436617670e-01
8.653600462072255084e-01
8.657049574176048923e-01
8.659360643893969645e-01
8.662025501893011459e-01
8.663504914036120885e-01
8.665772958187942798e-01
8.672603070215427756e-01
8.672991374857935698e-01
8.674891321711046821e-01
8.675671427777771338e-01
8.679208690516164726e-01
8.683015163485292565e-01
8.686276718223823190e-01
8.687282464138911253e-01
8.690591322287023468e-01
8.693399898925631142e-01
8.698294421321557390e-01
8.701164249261938988e-01
8.703050346199213694e-01
8.708469192632080080e-01
8.710269796411614918e-01
8.711059372243566967e-01
8.722239532353556202e-01
8.724670987670190003e-01
8.725868644831898946e-01
8.726775844373367841e-01
8.730556216964961980e-01
8.732157419399030340e-01
8.732606806115682518e-01
8.733054588395132711e-01
8.733368755149242268e-01
8.733880096064650100e-01
8.735146452285715846e-01
8.738979086519041983e-01
8.741154838153130102e-01
8.744845916666883490e-01
8.747752232980792186e-01
8.750063355804973408e-01
8.756301568740137986e-01
8.757233020141701463e-01
8.760902322548582699e-01
8.763763385976233167e-01
8.767502968755926940e-01
8.768645757581429168e-01
8.771893463628971377e-01
8.772626463682640097e-01
8.777449863639205097e-01
8.789601487210180197e-01
8.790854270812017424e-01
8.801467099497702895e-01
8.814140695214135457e-01
8.816944475955408311e-01
8.818058292723652825e-01
8.819771982850255210e-01
8.821177368367657534e-01
8.824477982286303979e-01
8.841947169848131116e-01
8.843475461572150031e-01
8.846700023861796547e-01
8.855312375222850196e-01
8.863051176288745392e-01
8.870667460340161403e-01
8.872767373791006218e-01
8.873967083357879870e-01
8.879854320812744506e-01
8.887502716817377024e-01
8.889989595547409529e-01
8.891504511689092283e-01
8.892315407039941277e-01
8.898333434093170791e-01
8.903498710942323591e-01
8.904245804423430721e-01
8.905117136653494248e-01
8.912527528257556675e-01
8.919278514767241539e-01
8.921456252876501791e-01
8.922372249601616678e-01
8.922723019655427468e-01
8.925500612006819212e-01
8.925742897355233296e-01
8.929321611324717578e-01
8.930327807351932101e-01
8.937869345734051896e-01
8.941672056707447025e-01
8.942362761717488340e-01
8.942519614717300280e-01
8.946930881870637231e-01
8.950588364176418343e-01
8.950980249583655457e-01
8.959210938676349656e-01
8.959994857195158202e-01
8.960137306440465466e-01
8.965202275615310468e-01
8.970242847198567349e-01
8.970502201915173668e-01
8.971974347656727078e-01
8.974428663660242167e-01
8.975422746361062520e-01
8.982332959260554972e-01
8.985316394495008741e-01
8.990164249780825401e-01
8.996317461099847534e-01
8.997881915390261165e-01
9.004559818939977811e-01
9.005222159399293158e-01
9.009761985400692730e-01
9.011353693159428468e-01
9.014748067048590219e-01
9.016228559186779679e-01
9.022051486772868500e-01
9.033503377484185526e-01
9.041463308500601315e-01
9.043284243401137346e-01
9.043295127819986901e-01
9.045650304559726962e-01
9.052666900697122765e-01
9.055221886379820617e-01
9.060745757214182516e-01
9.065298386201195990e-01
9.065737290283535366e-01
9.066991899749943240e-01
9.067380322029928719e-01
9.069060210587203130e-01
9.070452808959044155e-01
9.076196567488604705e-01
9.077467415497560976e-01
9.084753687691244917e-01
9.089612320662052714e-01
9.092023885612450229e-01
9.096477901673467592e-01
9.098757715035616922e-01
9.104754158245156326e-01
9.110229339987752084e-01
9.114488855584070848e-01
9.114700644337901947e-01
9.120160637721850261e-01
9.121672927732348279e-01
9.121880503816444108e-01
9.124849121726200663e-01
9.131850832602040891e-01
9.132853904882402007e-01
9.137511464689673790e-01
9.141013661965393666e-01
9.145630936075347384e-01
9.147937681958570044e-01
9.160856803410624138e-01
9.161001437759939137e-01
9.168651594284059625e-01
9.170120923457225626e-01
9.181019764227235092e-01
9.183142758943008133e-01
9.189596743488218644e-01
9.195016346587648881e-01
9.195885126756575545e-01
9.198136770729262723e-01
9.199954395830688414e-01
9.202657013401961406e-01
9.213588839939010899e-01
9.217664183125260369e-01
9.224926503247282694e-01
9.229496151451441754e-01
9.230775654152656440e-01
9.235767962946610510e-01
9.237523723531174680e-01
9.239319733814658209e-01
9.241977480048502169e-01
9.244819704808705518e-01
9.248396822518024640e-01
9.255024662821118575e-01
9.269789318042126469e-01
9.270494031909616295e-01
9.271093525193072615e-01
9.277962935445266401e-01
9.280269432194052648e-01
9.282630843694119616e-01
9.290707703893872349e-01
9.309956144122057964e-01
9.312809363841596522e-01
9.315695843403443144e-01
9.316280433214527701e-01
9.322749152193468003e-01
9.346336544087844311e-01
9.348444491993912475e-01
9.360435047818532750e-01
9.363083984494631196e-01
9.363869349980131762e-01
9.369118338387015799e-01
9.372102648372082623e-01
9.374848662809021071e-01
9.378293497172067728e-01
9.381317316947080931e-01
9.382777880373722734e-01
9.386088118970090655e-01
9.396994915386703839e-01
9.401528146810108622e-01
9.402145662931236103e-01
9.403444256109242394e-01
9.407462900581493592e-01
9.408830500029425892e-01
9.411666010969207408e-01
9.412894482936470242e-01
9.413278274695026093e-01
9.420968451841364999e-01
9.421628031153186367e-01
9.427480782004702409e-01
9.430158656692934072e-01
9.431883423181063320e-01
9.435914041423516530e-01
9.439468015591442329e-01
9.443087931129747759e-01
9.444644089716539570e-01
9.446135436073267444e-01
9.457032504395082029e-01
9.462818758420840082e-01
9.464649085823702013e-01
9.473367078057599588e-01
9.485775751842316916e-01
9.486906423695327106e-01
9.494176008779207088e-01
9.494555459094377037e-01
9.498441482999133711e-01
9.501503242340902933e-01
9.508587139934414623e-01
9.513540476180361027e-01
9.514829842372308777e-01
9.518446226592158776e-01
9.522314634204306349e-01
9.523729017764152038e-01
9.525242860387479471e-01
9.529203331944893218e-01
9.530182437410643637e-01
9.542985746995288343e-01
9.543055936015742979e-01
9.547173020646787522e-01
9.563098009236220554e-01
9.563926127297739388e-01
9.563954090533621777e-01
9.570297656720662127e-01
9.574207649665270603e-01
9.574605208935546008e-01
9.575100939714304982e-01
9.576305776490275923e-01
9.577002590787836445e-01
9.578532855796128009e-01
9.588711088141101957e-01
9.593475425129840417e-01
9.595761387466378300e-01
9.598031415514269860e-01
9.610844832180277519e-01
9.611926425583663391e-01
9.615307117123332858e-01
9.616613875033108716e-01
9.628969810427948639e-01
9.630420853653703928e-01
9.634626412299638343e-01
9.635419813208885298e-01
9.640551161464420149e-01
9.643735945924372110e-01
9.647192383552595230e-01
9.649665145898704832e-01
9.654726582127399759e-01
9.656354913263632822e-01
9.657702642854184560e-01
9.660874310187114178e-01
9.664406941954134522e-01
9.668209577948607691e-01
9.672836640563488020e-01
9.677049245044040404e-01
9.677379875952191179e-01
9.683357279881517066e-01
9.688985390879726323e-01
9.694809678754631177e-01
9.696627365009462540e-01
9.697172292849537412e-01
9.705544114396490452e-01
9.713384240650115853e-01
9.714995561181123396e-01
9.724306867237700880e-01
9.725046574080170592e-01
9.726348538129905297e-01
9.737891713259262394e-01
9.745100628237141072e-01
9.760141081879150082e-01
9.762589796638397877e-01
9.766788130867196660e-01
9.767806498993545361e-01
9.769302472999686904e-01
9.771202554996905043e-01
9.776868633251856178e-01
9.778538678431459852e-01
9.779051115105529268e-01
9.780107455520340443e-01
9.786191170713502974e-01
9.792512713803803726e-01
9.798349383309414851e-01
9.801143855011422712e-01
9.802792447263634079e-01
9.806038152831938470e-01
9.806462083368528981e-01
9.808489851262656156e-01
9.818129157166028964e-01
9.824230463713599093e-01
9.826221967646464606e-01
9.836359936261142023e-01
9.839498660521601714e-01
9.840615053310995952e-01
9.844355683800454226e-01
9.845098738068759348e-01
9.853772346179692221e-01
9.856656611677199198e-01
9.859312864453877445e-01
9.859475834531878924e-01
9.865172904556971378e-01
9.867264726743708581e-01
9.875042164916540965e-01
9.876008827937990953e-01
9.879754413463399665e-01
9.882370679162836291e-01
9.882497644401976311e-01
9.883524220551701545e-01
9.886045316942415617e-01
9.887354158040059238e-01
9.889337121030102873e-01
9.890224500754795089e-01
9.891142708963966967e-01
9.891743534798695947e-01
9.891802504877849067e-01
9.892953657594376615e-01
9.894473713014140248e-01
9.896455336314776696e-01
9.912851299155079898e-01
9.915447465622745371e-01
9.919934147096474142e-01
9.924876694515689657e-01
9.930607246809093347e-01
9.935503450416580673e-01
9.938297938008028298e-01
9.939512371871326302e-01
9.943593634634302347e-01
9.945229475647459072e-01
9.945244531617821737e-01
9.947006758270739990e-01
9.951976870891043880e-01
9.963047588236664254e-01
9.963589905525289669e-01
9.964760477612683021e-01
9.968933116984990406e-01
9.970762737997922454e-01
9.978230275828208207e-01
9.979785112295757044e-01
9.985867132494811171e-01
9.986558860402986459e-01
9.993474148540516522e-01
9.995538796752713173e-01
9.998820374873605976e-01
1.000036076811182451e+00
1.000413189668408975e+00
1.000539648667450709e+00
1.000809105618085670e+00
1.001001418339288795e+00
1.002251933402608985e+00
1.002327771043611371e+00
1.002790206656784422e+00
1.002922785131781680e+00
1.003034034569567190e+00
1.003224770262222343e+00
1.003482799927041258e+00
1.003606793089352411e+00
1.003722981314417728e+00
1.003897587906279476e+00
1.004534679078440185e+00
1.004962723759151411e+00
1.005211736007054490e+00
1.005417165036175398e+00
1.005537735074746974e+00
1.005542485595738889e+00
1.005663559988934086e+00
1.005954493421924667e+00
1.006019300776703762e+00
1.006122634590006060e+00
1.006417535905313576e+00
1.006573049506492845e+00
1.007071198536511503e+00
1.007118847328026590e+00
1.007423711325163618e+00
1.007772925532646857e+00
1.007782252132986223e+00
1.007790660834525731e+00
1.008383279905316066e+00
1.008602338853861191e+00
1.008992556870027313e+00
1.009794235622505143e+00
1.010394285657921554e+00
1.010727198734317156e+00
1.011049338256894581e+00
1.011318982910012654e+00
1.011625704761047739e+00
1.011927585547411912e+00
1.012343890810486702e+00
1.012507407315774488e+00
1.013342662511800052e+00
1.013608264862556396e+00
1.014071424681599165e+00
1.014203290120364143e+00
1.014388322844066881e+00
1.014875926328953959e+00
1.018103427193149280e+00
1.018304406062634060e+00
1.018561009236649273e+00
1.018912326741457708e+00
1.020085791458416047e+00
1.020243881997556779e+00
1.021002423383456481e+00
1.021054762400131821e+00
1.021401699594753687e+00
1.021615469128718257e+00
1.021950079615750573e+00
1.022086457661757208e+00
1.022228286268177300e+00
1.022725860974935230e+00
1.022884847866873281e+00
1.023164563716719044e+00
1.023318929033309121e+00
1.023478895382558429e+00
1.023479863085632990e+00
1.023617604826045691e+00
1.023860837666851209e+00
1.024414741407455587e+00
1.024708574865372590e+00
1.024761052191427879e+00
1.024994479311521323e+00
1.025528110557505146e+00
1.025718793327375034e+00
1.027480341410352160e+00
1.027713578568806962e+00
1.027836017660713752e+00
1.029105701092682068e+00
1.029779368062813338e+00
1.030310512655192801e+00
1.030733377612047752e+00
1.031035828026999779e+00
1.031232251535693534e+00
1.031961833503526771e+00
1.033042562907409145e+00
1.033598013142456695e+00
1.034452069383620332e+00
1.034496934903811560e+00
1.035093490644416248e+00
1.035839432485686995e+00
1.035945173553397547e+00
1.038202585508484654e+00
1.038289563473318466e+00
1.038339552330910243e+00
1.039143031419880847e+00
1.039206041903039779e+00
1.039477441433501070e+00
1.040357292470478701e+00
1.041153120308197622e+00
1.041214422892235980e+00
1.041291881918956719e+00
1.041383300035636283e+00
1.041395029803492855e+00
1.041835710340419885e+00
1.041882367294199696e+00
1.042060585043296683e+00
1.042062826744404092e+00
1.042577265413418663e+00
1.042915079065488859e+00
1.043105952680808857e+00
1.043162126834987546e+00
1.043696972019050984e+00
1.044152681939358729e+00
1.045411861273567000e+00
1.045556963153468466e+00
1.045930868182917139e+00
1.046215927691163339e+00
1.046226128603702898e+00
1.046331079598828095e+00
1.047342295282466695e+00
1.047600771838685052e+00
1.047660433609111763e+00
1.048057089949490539e+00
1.048253477971302861e+00
1.048756196514805339e+00
1.049156369937534583e+00
1.049189328719301040e+00
1.049826922850155553e+00
1.050276992192232361e+00
1.050636386305742631e+00
1.050704735565139769e+00
1.050843940829687906e+00
1.051522465178390320e+00
1.052144409167238281e+00
1.052217808375939923e+00
1.053762069200975926e+00
1.054069224386412706e+00
1.054233742381432748e+00
1.054445227064999324e+00
1.054642348641436467e+00
1.055142716256366686e+00
1.055836002859702250e+00
1.056265000874828441e+00
1.056965317599924070e+00
1.057611605900500962e+00
1.057889445040832266e+00
1.058009744989847345e+00
1.058069401904796702e+00
1.058253714619084906e+00
1.058681040038000232e+00
1.058958024099772466e+00
1.058982910532231925e+00
1.059852805670334241e+00
1.060139852169298180e+00
1.060976872757263934e+00
1.061633499367379940e+00
1.061747023649185273e+00
1.062149855120497088e+00
1.062279290185381253e+00
1.063690870919137943e+00
1.064340366915556890e+00
1.064790672658108450e+00
1.065579100235887422e+00
1.067500077069361675e+00
1.067635919899632135e+00
1.067967175137867430e+00
1.067979567455321632e+00
1.070070057550254861e+00
1.070101065899574211e+00
1.070103049622997737e+00
1.070626193487019595e+00
1.070764869702614197e+00
1.072121619205212983e+00
1.072464230798371609e+00
1.072522449048940008e+00
1.072886720205563860e+00
1.073634863730158262e+00
1.073778597281218605e+00
1.074645241266090068e+00
1.074655747046850074e+00
1.075605158575218878e+00
1.075896292307292335e+00
1.076013825437630578e+00
1.076068800261468894e+00
1.076195381133100870e+00
1.076537687414821365e+00
1.076646050230258833e+00
1.077453052729046901e+00
1.077694949772284971e+00
1.078671352372430725e+00
1.079039091800948480e+00
1.079164973261863558e+00
1.079384440921937305e+00
1.079536069244673602e+00
1.080823316542357526e+00
1.081998718752843480e+00
1.082156531730689597e+00
1.082226586884197150e+00
1.082747400857492437e+00
1.082934247552431506e+00
1.083806813452856233e+00
1.083924000870801763e+00
1.084066892611945443e+00
1.084318239827619879e+00
1.084333271427234457e+00
1.084552006242924582e+00
1.084758906589686767e+00
1.084916139736437302e+00
1.085152448925495339e+00
1.085509489405512173e+00
1.085735581363400204e+00
1.085865092412438448e+00
1.086545958551466295e+00
1.087379344178622365e+00
1.087778062829321657e+00
1.087878547116456263e+00
1.088135934021680740e+00
1.088914459801611834e+00
1.089510018861477914e+00
1.089879828372140924e+00
1.090025112139372254e+00
1.090348838102576545e+00
1.090914914188083173e+00
1.091507496719372972e+00
1.091719802521588623e+00
1.091782527324822061e+00
1.092722388189611982e+00
1.092937757311772229e+00
1.093060620181831144e+00
1.093127698994686092e+00
1.093341217105548546e+00
1.094154527449037850e+00
1.094344743494606975e+00
1.094403597751904877e+00
1.094491462867796194e+00
1.095425512745100027e+00
1.096157797120597355e+00
1.096228377297882473e+00
1.097525003489188578e+00
1.097603650346524962e+00
1.098207524783938016e+00
1.098782294119629022e+00
1.099445772118106790e+00
1.099728664504557862e+00
1.100525995552383618e+00
1.101026550758370304e+00
1.101523603101463689e+00
1.101660596259274705e+00
1.101695680655424114e+00
1.102019561625290800e+00
1.102397541049165097e+00
1.103342257211274768e+00
1.103491124696843517e+00
1.103864357149269004e+00
1.104111646599748697e+00
1.104114373478138011e+00
1.105400948209782852e+00
1.105497682949452720e+00
1.106506292717957418e+00
1.106918012307079646e+00
1.107347359213674887e+00
1.108515310727605341e+00
1.108547529574750001e+00
1.108763598784250570e+00
1.109808751555162898e+00
1.110026063722141743e+00
1.110157324249134936e+00
1.110187612971169857e+00
1.110476286330220663e+00
1.110512928732173332e+00
1.110967943736502095e+00
1.112014927536262743e+00
1.112603970574496337e+00
1.112947103204033228e+00
1.113175576922137422e+00
1.113398051066878836e+00
1.113707834372051009e+00
1.113939666865747524e+00
1.113968197349413325e+00
1.114187764598123964e+00
1.114511251195227315e+00
1.115400453612046761e+00
1.115497406457537810e+00
1.116012068054430095e+00
1.117194962473698538e+00
1.117452941092162089e+00
1.117631348557866167e+00
1.117715236119451339e+00
1.117935063103552507e+00
1.118416988275637403e+00
1.118454955239934101e+00
1.118519007120497788e+00
1.118560319214658483e+00
1.118877293081696367e+00
1.119010574443777717e+00
1.120072182842357211e+00
1.120940443962158195e+00
1.122559884213723880e+00
1.122576024949468065e+00
1.122684436844741285e+00
1.122717214220654958e+00
1.122779060627659309e+00
1.123213982578290970e+00
1.123306466855712227e+00
1.123625977464961290e+00
1.123836764657423437e+00
1.124091240609278897e+00
1.124244326473320621e+00
1.124282498136717212e+00
1.124330665862098400e+00
1.124734072629318460e+00
1.125036538969284461e+00
1.125325453022759437e+00
1.125598205264144225e+00
1.125971372347655874e+00
1.126261870234198215e+00
1.126518380765145988e+00
1.126611406012481664e+00
1.127486942641694689e+00
1.127549295625241976e+00
1.127765936792785029e+00
1.128698757808247244e+00
1.128711079178409182e+00
1.128915555253882985e+00
1.128981486123062261e+00
1.130263025817666245e+00
1.130677911396929636e+00
1.130713828039607405e+00
1.131185685201666846e+00
1.131523514848741030e+00
1.132020483617996343e+00
1.132697367128565169e+00
1.133224592415460696e+00
1.133899843844035304e+00
1.134747577260493134e+00
1.135049972537613749e+00
1.135124834859379650e+00
1.135285706057526101e+00
1.135428443065640058e+00
1.135612525228349545e+00
1.135715720141489582e+00
1.135767876006747112e+00
1.135955479080369424e+00
1.136896389965114551e+00
1.136930817982333863e+00
1.137594109690722277e+00
1.137881615488622877e+00
1.138137133972943138e+00
1.138251562300586439e+00
1.138571357063239198e+00
1.138631840930193651e+00
1.139015393897705897e+00
1.139402471693231611e+00
1.139469966936826006e+00
1.139509754953946130e+00
1.139997340731901065e+00
1.140254420515344647e+00
1.141902707235477932e+00
1.141980742886218536e+00
1.142116968134436972e+00
1.142264050854270296e+00
1.142288280781527332e+00
1.144156871163009237e+00
1.144598346729170935e+00
1.145162511631189428e+00
1.145283975257705533e+00
1.145495214947786167e+00
1.145634067046080506e+00
1.145851224427379078e+00
1.146012487247111133e+00
1.146202977845788062e+00
1.147058353199957415e+00
1.147953549221227831e+00
1.148153380399182577e+00
1.148281843314631345e+00
1.148486448152295614e+00
1.148851883999731482e+00
1.149071149654745216e+00
1.149974604802280309e+00
1.151342015238365990e+00
1.151736110350865427e+00
1.151984996359884050e+00
1.152299757438265626e+00
1.152484489115933819e+00
1.152790891559978714e+00
1.152812928144088422e+00
1.152955088920379234e+00
1.153243695402073055e+00
1.154208590214172991e+00
1.154486599860971019e+00
1.154555335502748470e+00
1.154573717342407990e+00
1.155256404441128648e+00
1.155329820710030653e+00
1.155504733567624065e+00
1.155551845659518850e+00
1.155806153108891676e+00
1.156062790440664623e+00
1.156321117105973073e+00
1.156851540549898694e+00
1.157921952543890409e+00
1.158097489420957027e+00
1.159032238570174789e+00
1.159229192887233140e+00
1.160633225010665459e+00
1.160679574883905163e+00
1.160688266462459817e+00
1.161081035069519096e+00
1.161394325454248477e+00
1.161625280642633484e+00
1.162161056589946950e+00
1.162520660407151185e+00
1.162588529196684872e+00
1.162590393254320231e+00
1.162873111335219534e+00
1.163441415222261410e+00
1.163481514431847330e+00
1.163766614652988363e+00
1.163847541381921591e+00
1.164419678700479688e+00
1.164927923804421450e+00
1.165130296310587177e+00
1.165167095843714806e+00
1.165211300507494219e+00
1.165410875747070030e+00
1.166247243885566220e+00
1.166713096133542793e+00
1.167071588384455572e+00
1.167591435018333623e+00
1.167989925803816664e+00
1.168050997419743720e+00
1.168676071438555342e+00
1.168934044943061856e+00
1.169199144841207350e+00
1.169473220577095907e+00
1.169663991510994316e+00
1.170367230702354933e+00
1.170582091791964707e+00
1.170698347026865260e+00
1.170791527951651867e+00
1.171004203534121491e+00
1.171052952708467210e+00
1.171232539645657766e+00
1.172068472889885360e+00
1.172530218302699767e+00
1.172569089771633655e+00
1.172913399055725003e+00
1.173530727786268324e+00
1.173729349633203967e+00
1.174538612215457078e+00
1.175466413200297655e+00
1.176185411649636192e+00
1.176642448994633439e+00
1.176698119635204209e+00
1.177459613449618470e+00
1.177465892900430466e+00
1.177793509809243799e+00
1.178247925938898932e+00
1.178539768101154017e+00
1.179492226293971990e+00
1.179517920596065528e+00
1.180216519103963302e+00
1.181022423326596016e+00
1.181462436547446426e+00
1.181938905385638394e+00
1.182194282114522599e+00
1.182401196506305263e+00
1.185136584088633871e+00
1.185556464880507255e+00
1.185696200111494125e+00
1.185939415056071145e+00
1.186243000397530611e+00
1.186613957428013011e+00
1.186875986050145659e+00
1.187737462943856404e+00
1.187781828604152379e+00
1.188990829725301124e+00
1.189645216520468951e+00
1.190049336522288614e+00
1.191619262536149915e+00
1.191972803042366857e+00
1.192624583950208317e+00
1.193492774708139414e+00
1.194802420133205034e+00
1.196252555063010314e+00
1.196258721661829449e+00
1.196379603291314320e+00
1.196659443702968284e+00
1.196721499385670073e+00
1.197605045102547949e+00
1.197710284464351016e+00
1.197879994303345574e+00
1.197926768983988532e+00
1.198645793429588657e+00
1.198972976784240974e+00
1.199714208557434381e+00
1.199723712560019528e+00
1.200152050118351799e+00
1.201945365622306028e+00
1.202236444724809505e+00
1.202297284875752048e+00
1.203360724503776513e+00
1.204516104170362256e+00
1.204898513083155764e+00
1.205450603680499055e+00
1.206828201613967311e+00
1.207408952440444772e+00
1.208182958447753030e+00
1.209012975591913674e+00
1.209510500903486774e+00
1.210841869161083606e+00
1.211371241457152026e+00
1.211726685747850807e+00
1.212374534493810385e+00
1.212396787040937784e+00
1.212680201339653374e+00
1.212722871356191279e+00
1.213750414987882387e+00
1.215090654778095525e+00
1.215474272943882328e+00
1.215920013233704688e+00
1.216166035616485397e+00
1.216563867685342748e+00
1.217015012061172685e+00
1.217266368264617427e+00
1.217271312021201757e+00
1.217436039310282769e+00
1.217906290817172721e+00
1.218916220660315020e+00
1.219335941911630972e+00
1.220712932471488710e+00
1.221219338045748337e+00
1.222410106239451233e+00
1.223211527486182781e+00
1.223946337826527397e+00
1.224900537150370061e+00
1.225057807690649980e+00
1.225733712013498788e+00
1.226383952493537599e+00
1.226449406166871592e+00
1.228054115673781421e+00
1.228100276565414539e+00
1.228350847654312128e+00
1.228360058950591416e+00
1.228643193369144404e+00
1.229338576822551987e+00
1.229824705518134165e+00
1.230582786279855734e+00
1.231223692796878488e+00
1.231778977888333237e+00
1.232776326360929486e+00
1.232840429919713987e+00
1.232981351663869907e+00
1.233136286209407295e+00
1.233301907217660753e+00
1.234170709230265617e+00
1.234778504632595419e+00
1.234895042096386675e+00
1.234966684251983970e+00
1.235049677516198541e+00
1.235748741317165278e+00
1.236675364880474248e+00
1.237528769868270206e+00
1.238066195012297532e+00
1.238599030917602040e+00
1.238952631662432857e+00
1.239108996414757913e+00
1.239342534062788159e+00
1.239551567583107694e+00
1.239692414127184117e+00
1.240178390843168721e+00
1.240320456704002039e+00
1.242550895931963773e+00
1.244193145760915664e+00
1.244398574494095744e+00
1.244993726301231174e+00
1.245124824509301842e+00
1.245361899815829343e+00
1.245818739156145494e+00
1.245823501431170266e+00
1.245973777873392363e+00
1.246193187554345272e+00
1.246341152688400289e+00
1.246375440403697965e+00
1.247044811824800314e+00
1.247200192961591014e+00
1.247985100024673333e+00
1.248404035360402453e+00
1.248452166053564127e+00
1.248749907570587903e+00
1.248948572578189253e+00
1.249105971825781536e+00
1.250191920034881221e+00
1.250609812739858384e+00
1.251086989127230042e+00
1.251299696486079194e+00
1.251752501089973268e+00
1.252023379922017510e+00
1.252058570694378981e+00
1.252791073474833539e+00
1.252932874791897300e+00
1.252954320038227598e+00
1.253171881617287431e+00
1.253222458964919683e+00
1.253323293636228186e+00
1.253347529801450699e+00
1.253534378160021001e+00
1.253673469456143996e+00
1.253925783255527948e+00
1.254161711875016350e+00
1.254820714344586641e+00
1.256180018429265965e+00
1.256249699150916443e+00
1.256635987154818501e+00
1.257139690886103445e+00
1.257330064331778186e+00
1.258198864225827718e+00
1.259306979246948677e+00
1.260522262747621136e+00
1.260585897556907309e+00
1.260683056401576074e+00
1.261143897810352632e+00
1.261673535139364644e+00
1.261944812785987136e+00
1.263445784557988505e+00
1.263726770547576539e+00
1.264451462537602877e+00
1.264515401409537443e+00
1.264695412272453856e+00
1.264710493720790252e+00
1.264725123377002491e+00
1.264754857226678020e+00
1.264780429383559834e+00
1.266131693429234595e+00
1.266297460967756860e+00
1.266550064406876563e+00
1.266559052737743718e+00
1.266976264630659932e+00
1.267226325919234009e+00
1.267858482687748811e+00
1.267998548220928168e+00
1.268029102987603851e+00
1.268439603532419024e+00
1.268876661091887126e+00
1.268944785079525239e+00
1.269852026072779916e+00
1.271161571181938621e+00
1.271694689094905018e+00
1.272150285765275113e+00
1.273079631695629654e+00
1.273611128070858411e+00
1.273755176393079225e+00
1.273950615330149860e+00
1.274216504311132203e+00
1.275291241794900499e+00
1.277095149366765714e+00
1.277586129996021169e+00
1.277851632530818904e+00
1.278224250853253530e+00
1.278469989376062710e+00
1.280025009220391308e+00
1.280350238214602143e+00
1.281453781640994105e+00
1.282132040833624309e+00
1.282601255385457550e+00
1.282979319299989651e+00
1.283601387936782467e+00
1.284880578125133788e+00
1.285206721735697721e+00
1.285835539631865254e+00
1.286599977461595046e+00
1.287415603130074748e+00
1.287428384873949394e+00
1.287713342009019879e+00
1.288071082947833457e+00
1.289410374476799515e+00
1.290336414119449993e+00
1.290410293741952819e+00
1.291413132665924390e+00
1.292668859647017943e+00
1.292732672785452008e+00
1.292767512668206553e+00
1.292814166774659101e+00
1.292817518484693506e+00
1.293659816672825036e+00
1.293840023250611759e+00
1.295155180523675176e+00
1.296279226293102216e+00
1.296575562035524598e+00
1.296645389325032260e+00
1.296675197681778524e+00
1.297357716808722472e+00
1.297392543920123265e+00
1.297553051616133768e+00
1.297881882487312399e+00
1.298653318079068475e+00
1.298820057576488773e+00
1.299423045699044765e+00
1.300058552648882593e+00
1.300522006123018492e+00
1.300835762798713713e+00
1.302445201021106946e+00
1.303840904953111002e+00
1.304230562095086476e+00
1.304590719099692597e+00
1.305832702742208973e+00
1.306070466942651276e+00
1.306586951412302966e+00
1.306617040107695527e+00
1.307187116721675979e+00
1.307491197184829090e+00
1.307497363747087249e+00
1.307553216917898053e+00
1.309155984814962759e+00
1.309472402589781259e+00
1.309562738712423124e+00
1.311311964449451306e+00
1.313188027374980749e+00
1.313869519657974605e+00
1.314053473969788000e+00
1.314064470126510287e+00
1.314070971192055293e+00
1.314210130316143532e+00
1.314257724644781744e+00
1.314290785121828398e+00
1.315330104994091753e+00
1.315348832321712180e+00
1.315360052772341248e+00
1.315712059952361734e+00
1.316125209625487402e+00
1.316173182858030088e+00
1.318287454459132091e+00
1.319608414828284726e+00
1.319862281546964056e+00
1.321841379789634008e+00
1.322385375813895703e+00
1.323268844498777685e+00
1.323358868272762390e+00
1.323470055071564344e+00
1.323510649237903847e+00
1.323651638856754076e+00
1.323827625425281651e+00
1.324076065955572368e+00
1.324135827549893119e+00
1.324163542450573328e+00
1.324568851369636313e+00
1.324720699450243400e+00
1.326135691917373460e+00
1.326304656777630431e+00
1.326344218882710368e+00
1.327697328266502108e+00
1.327835580766086432e+00
1.328091835541256982e+00
1.328471952180954041e+00
1.328615981669914792e+00
1.330018871339703868e+00
1.330126138182631035e+00
1.330206946292869619e+00
1.330328185089945991e+00
1.330561661376505889e+00
1.330808326049142343e+00
1.331042470404081746e+00
1.331296967616029114e+00
1.332343977774114618e+00
1.332359804599938080e+00
1.332629990620855409e+00
1.333368532394907380e+00
1.333819887410017335e+00
1.334387778221664433e+00
1.334528074423036337e+00
1.334928735806989231e+00
1.335365728278741226e+00
1.335670807798050141e+00
1.335919263023047421e+00
1.335931598647795759e+00
1.336014192788012034e+00
1.336892417764284469e+00
1.337093810390632020e+00
1.337180911251041771e+00
1.337827902018548842e+00
1.337917340467690730e+00
1.337984334970368394e+00
1.338173714452020047e+00
1.338527920951166683e+00
1.339588046629765827e+00
1.339942846275376187e+00
1.340414779945401591e+00
1.341159037671409093e+00
1.341241010331488459e+00
1.341530001414364071e+00
1.341818622757441570e+00
1.342275409992862656e+00
1.343551615680506961e+00
1.343989980567480202e+00
1.344353734109411169e+00
1.344935885994237301e+00
1.345744218867270137e+00
1.345840036771125625e+00
1.346251886790315266e+00
1.346684412140403575e+00
1.347577605299959291e+00
1.348477500610255175e+00
1.349076046922223160e+00
1.349669340862866829e+00
1.349696708095379449e+00
1.349928554849966211e+00
1.351423822965753363e+00
1.351996734197062677e+00
1.352210154481510829e+00
1.353019736443420884e+00
1.354099233061843099e+00
1.354146756775713722e+00
1.354304052349826204e+00
1.354337290564703533e+00
1.354792510750963963e+00
1.356800473781014649e+00
1.357079426930537513e+00
1.357611099316123893e+00
1.357806813484261133e+00
1.358498126037031462e+00
1.360051512172667287e+00
1.360487029752395216e+00
1.361278678715630130e+00
1.361390494115063188e+00
1.362382971159713074e+00
1.362895746741612957e+00
1.362995155495828614e+00
1.363364163814932306e+00
1.364875368830769986e+00
1.365588817353859730e+00
1.365962000658402786e+00
1.366453407921861096e+00
1.366653552105852265e+00
1.367413910979235592e+00
1.367436054518639921e+00
1.367456710884548787e+00
1.367709985415412666e+00
1.367858367878933779e+00
1.368023509215462896e+00
1.369263333483591527e+00
1.369546534132897175e+00
1.369591459042010406e+00
1.370504207242716488e+00
1.371049068140686611e+00
1.372376944445541147e+00
1.373143986143501971e+00
1.374032592123980434e+00
1.374551749891887997e+00
1.374867065483230011e+00
1.375462099320691634e+00
1.375627623335269556e+00
1.375920555704097437e+00
1.376081442208038297e+00
1.376625497365113082e+00
1.376736150448207852e+00
1.377230696713403812e+00
1.377473229051878745e+00
1.377480054169262891e+00
1.377808240697589781e+00
1.377815537534661683e+00
1.379053233988589700e+00
1.379551293070208517e+00
1.379996234540082467e+00
1.380391761520626037e+00
1.380884557454463035e+00
1.381003221734013131e+00
1.381501562424823915e+00
1.381592815572759481e+00
1.382243655077748601e+00
1.382639497762372383e+00
1.382792650235636689e+00
1.383054541685653449e+00
1.383237925882354391e+00
1.383331314963057945e+00
1.383637856661657617e+00
1.384003430779686017e+00
1.384385796088425380e+00
1.384816597434223695e+00
1.385580574003048904e+00
1.386429345662117507e+00
1.386701406749184295e+00
1.387798777159696240e+00
1.387963210622763510e+00
1.388613504388891640e+00
1.389320065365677426e+00
1.389429431460126763e+00
1.390010420289353954e+00
1.390507103168642011e+00
1.391409353741039023e+00
1.391896780745027762e+00
1.392242024030481140e+00
1.392770100849813453e+00
1.392967497344220540e+00
1.393166668505414707e+00
1.394110111077879521e+00
1.394220289054928452e+00
1.394807720700641962e+00
1.395359762594182929e+00
1.396571993658923372e+00
1.396933257375269299e+00
1.397086266313875669e+00
1.397311034061055057e+00
1.397697294470073404e+00
1.398851861010754094e+00
1.399756112945929498e+00
1.400685241814717319e+00
1.401512041107361162e+00
1.401555471876114289e+00
1.402078303985913932e+00
1.403657884136536138e+00
1.404332377029216428e+00
1.404573912994333540e+00
1.405898070178546400e+00
1.406789008507899785e+00
1.407388299178348845e+00
1.407404407300247851e+00
1.408019633309030016e+00
1.408161062113022055e+00
1.408983005524182319e+00
1.409355773255801525e+00
1.409590064937667364e+00
1.409708470005973213e+00
1.410169443296628744e+00
1.410405698048417866e+00
1.410411042623435085e+00
1.410716542899333126e+00
1.410929549527337956e+00
1.412012016529833547e+00
1.412039134253080475e+00
1.413168754932830451e+00
1.413311838457034231e+00
1.413582050237051080e+00
1.413670598177300786e+00
1.413680425596105072e+00
1.414009695454766957e+00
1.414408564526143275e+00
1.414586936826619512e+00
1.414596209889630973e+00
1.414624362797431534e+00
1.414654680486899796e+00
1.414726940468231664e+00
1.414751400690025473e+00
1.415071732965692330e+00
1.415579958584208153e+00
1.416151155435164677e+00
1.416480343244189699e+00
1.416487426877585554e+00
1.417189993645181056e+00
1.417470487681325109e+00
1.417918235855494480e+00
1.418069685327959961e+00
1.418107419050824269e+00
1.419104662886134349e+00
1.419234104590731516e+00
1.422733808879134365e+00
1.423849734007442080e+00
1.423878662269193462e+00
1.424065006322161819e+00
1.424231362633386899e+00
1.424342250538142451e+00
1.425074187530291026e+00
1.425347150928094608e+00
1.425621513175166832e+00
1.425663963633984066e+00
1.427023417056090260e+00
1.427382481274243053e+00
1.427383067599579114e+00
1.427817334849560638e+00
1.427952607454889611e+00
1.428554604976131293e+00
1.428689177093485529e+00
1.428925061619298997e+00
1.429001733738384461e+00
1.429709489113425658e+00
1.430048774962864089e+00
1.430909427116956678e+00
1.431443347091088558e+00
1.434174964248570383e+00
1.435310463154301885e+00
1.435831308017462282e+00
1.435889799710265979e+00
1.436512532643155815e+00
1.436556030776844572e+00
1.436665543421966618e+00
1.437123048856242313e+00
1.437360803166679579e+00
1.437557118365925035e+00
1.437671309637855055e+00
1.438185819497291851e+00
1.439140237725075933e+00
1.439899122719906721e+00
1.440012505501152118e+00
1.440509282816450964e+00
1.440522198075524951e+00
1.440674121383793693e+00
1.440874511397904012e+00
1.441801030383963678e+00
1.442398919329998197e+00
1.443167093836906112e+00
1.443740842088068632e+00
1.443833954941230013e+00
1.444763605756256952e+00
1.446552335151185975e+00
1.446956081520871962e+00
1.449944350017665418e+00
1.449985501224771767e+00
1.450182422268999405e+00
1.450381073674454901e+00
1.451076146952472445e+00
1.451284694443973455e+00
1.451454998109967809e+00
1.453237320319008541e+00
1.454400265872818121e+00
1.455082334733578620e+00
1.455215120867888068e+00
1.456646483162435057e+00
1.457206618268406917e+00
1.457459254119158443e+00
1.458776265080671264e+00
1.458980224101404488e+00
1.459778308828329818e+00
1.459968095247859532e+00
1.460473596556484788e+00
1.460552933036728618e+00
1.460951126937961142e+00
1.461719710970033281e+00
1.461742332209040596e+00
1.462359279989751570e+00
1.462436810129773113e+00
1.462630763176774984e+00
1.462702992200535457e+00
1.464326111252270524e+00
1.465534667117071477e+00
1.465902469079407355e+00
1.467516704457396237e+00
1.467687134530000659e+00
1.468862680560418132e+00
1.469063653764940192e+00
1.469477732758974087e+00
1.470702238888177860e+00
1.471244747976008904e+00
1.472155032607770142e+00
1.472258734507003286e+00
1.473002958248910588e+00
1.473270394923674509e+00
1.473735851198588298e+00
1.474352498532714550e+00
1.475309328063308945e+00
1.475437350169487072e+00
1.475821527535512212e+00
1.476305485292031205e+00
1.476342527259847159e+00
1.476799762692467155e+00
1.477823585813190954e+00
1.478204713312383678e+00
1.479734024191583286e+00
1.480362322852551760e+00
1.480449825098089311e+00
1.480636420582567947e+00
1.480959473773315827e+00
1.482054865943320365e+00
1.482531762728486413e+00
1.482922550869537615e+00
1.483628933739536748e+00
1.484562691859319328e+00
1.485128056721437551e+00
1.485640959262525929e+00
1.486682079305018611e+00
1.486749734296750836e+00
1.487055339214428784e+00
1.487212476909636205e+00
1.487997402389196644e+00
1.488552746416759609e+00
1.488614490609831309e+00
1.488748844309820241e+00
1.489060520298219226e+00
1.489167597759383010e+00
1.490129818728658240e+00
1.490632059340695870e+00
1.490941729148729245e+00
1.491142810800378804e+00
1.491566372696649045e+00
1.491647173282618200e+00
1.492486689385997156e+00
1.493578408335430430e+00
1.493668662028631910e+00
1.493907693637059220e+00
1.494784521967271740e+00
1.496139859494245661e+00
1.496626730786889237e+00
1.497665041352344018e+00
1.498483050206595335e+00
1.499613280945645277e+00
1.500326257857629297e+00
1.501663677934517604e+00
1.502397320603661379e+00
1.503336744184858409e+00
1.503440440501141229e+00
1.504220315359911631e+00
1.504359744423612977e+00
1.504462497961454259e+00
1.505239387751885038e+00
1.505815321997377332e+00
1.506509836684705839e+00
1.506574125305488288e+00
1.506700667357349532e+00
1.506766556340643826e+00
1.507185036189929050e+00
1.507240065407356333e+00
1.509225162501582451e+00
1.509509672856480078e+00
1.509582393359446773e+00
1.509940945296591286e+00
1.510937088985046861e+00
1.511174222715938820e+00
1.511292697875016522e+00
1.511331783359741054e+00
1.512518615266852384e+00
1.514195346933919772e+00
1.514353613240309260e+00
1.514915509318204290e+00
1.515908781135626437e+00
1.516645320019849974e+00
1.516743074855806839e+00
1.518292345065507032e+00
1.519165869809676384e+00
1.519562404697440083e+00
1.519665711268935127e+00
1.520017078331081573e+00
1.520644778855183565e+00
1.521524117811041688e+00
1.522019753264104436e+00
1.523470466509124766e+00
1.525122394546722271e+00
1.527074935562942715e+00
1.527122660779652641e+00
1.527782454454173822e+00
1.528078925418274725e+00
1.528243115274577679e+00
1.528303214313804448e+00
1.529719886314058419e+00
1.530596208890343535e+00
1.531447298275156799e+00
1.531520823170321677e+00
1.531820508063613140e+00
1.532049907691434010e+00
1.532323653433837141e+00
1.532459098335530179e+00
1.532553778320415061e+00
1.532557904356432354e+00
1.533018359439644041e+00
1.533181103125754730e+00
1.533250894972044698e+00
1.533278227466421617e+00
1.533726995608397425e+00
1.534183436343916629e+00
1.534825893784305118e+00
1.534936274309985471e+00
1.535271825113216693e+00
1.536705480676316293e+00
1.536751705242578092e+00
1.537488701277631709e+00
1.537854141351095327e+00
1.537868088320296422e+00
1.539353935322541833e+00
1.539633406613998501e+00
1.540293556624650950e+00
1.540813247673173070e+00
1.541142049632003408e+00
1.542704933226684449e+00
1.543978317319402382e+00
1.544697085387199520e+00
1.544878992640748017e+00
1.546494831107600332e+00
1.546632311732260234e+00
1.546698763593906456e+00
1.546826393657952048e+00
1.549132712691716485e+00
1.550024518959833619e+00
1.551128139232253789e+00
1.551229345886579347e+00
1.551251633227990867e+00
1.552390853157802120e+00
1.553022103494497319e+00
1.553654772530147055e+00
1.554102131345463267e+00
1.555062422221809681e+00
1.555733187862869737e+00
1.555914913704502078e+00
1.557572424477170259e+00
1.558466394641287778e+00
1.559645226632045301e+00
1.561280404174243408e+00
1.561294087709876433e+00
1.562172563543807291e+00
1.562321492561511205e+00
1.562974892655814685e+00
1.563207831975426787e+00
1.563556209821584053e+00
1.564109644693234102e+00
1.565034366547606970e+00
1.565824862588924393e+00
1.566309462120819784e+00
1.566628523187471256e+00
1.566808715673269736e+00
1.567221848640968807e+00
1.568021427980799354e+00
1.568605203837967421e+00
1.570273736569030465e+00
1.570433496034308707e+00
1.573440787237230909e+00
1.575129428115965791e+00
1.575266548987327875e+00
1.576849295717125621e+00
1.577515351081813622e+00
1.578014843983309934e+00
1.578576797380544683e+00
1.580644319581726798e+00
1.580891765728541509e+00
1.581906603828469926e+00
1.582287913491620790e+00
1.582918209092398332e+00
1.584499729303922244e+00
1.585289707105403956e+00
1.585983062220270634e+00
1.586757627057741482e+00
1.588143803615832406e+00
1.588192298845197081e+00
1.588245750457571992e+00
1.589111074458571471e+00
1.589171891787965141e+00
1.590019103335827078e+00
1.590117852717235714e+00
1.594565321849718886e+00
1.594958475109933271e+00
1.598206175378482197e+00
1.600121961113810665e+00
1.600193591845919139e+00
1.602065294369626303e+00
1.602889235047830763e+00
1.604298057885837459e+00
1.605824689746244927e+00
1.607765058265376634e+00
1.608252647338751951e+00
1.609318221235706670e+00
1.609460201790457567e+00
1.609688297917652555e+00
1.609975858524203218e+00
1.610796151027248824e+00
1.611345547631001018e+00
1.611621750659739005e+00
1.612230119924694671e+00
1.612304187862028781e+00
1.612351655571174769e+00
1.612812549542615326e+00
1.612903418922399634e+00
1.613261625990369152e+00
1.613355659506111817e+00
1.614453372024227118e+00
1.615257546746819983e+00
1.615458823200717875e+00
1.617806624861209741e+00
1.618077117555683175e+00
1.618116240769926772e+00
1.618529323717177171e+00
1.620219288448039530e+00
1.621518790785558606e+00
1.622861971984794982e+00
1.622864442380484107e+00
1.623834925196239842e+00
1.624037863002105953e+00
1.624330569612528974e+00
1.624656797841189881e+00
1.625264823030809769e+00
1.625713634743076286e+00
1.626870870920330558e+00
1.627401791922880037e+00
1.629035860030175531e+00
1.629321015527456229e+00
1.629731230233353312e+00
1.630557561417039558e+00
1.630636523806642924e+00
1.630645064917419562e+00
1.631195652851550992e+00
1.632627440079437831e+00
1.632658712873558127e+00
1.633164741184510271e+00
1.633456061510804469e+00
1.633892747096008735e+00
1.634610504376187601e+00
1.634750363356818781e+00
1.635008162245800145e+00
1.635123207762749331e+00
1.635645551514610441e+00
1.636636103948964083e+00
1.637205180711948760e+00
1.638334006593643144e+00
1.638758407706567999e+00
1.640080949247228803e+00
1.640908462514996113e+00
1.641144593346097524e+00
1.642237614666028245e+00
1.642294241819154177e+00
1.642311520317224272e+00
1.643179805611310051e+00
1.644270498622258270e+00
1.645277667369406949e+00
1.645420260302311810e+00
1.645569270596799250e+00
1.647689235006048802e+00
1.647789138158072264e+00
1.649107801862518041e+00
1.649881838208707485e+00
1.651307520510714166e+00
1.651608905229157376e+00
1.651784038889686279e+00
1.652369836374699918e+00
1.652492006922472223e+00
1.653344494669555020e+00
1.655281291831623536e+00
1.655583228549268426e+00
1.656911761643215186e+00
1.657502828434495479e+00
1.657716501877908977e+00
1.657930047355220315e+00
1.658892490040109191e+00
1.659147037683285753e+00
1.660436141460345683e+00
1.661102222866373657e+00
1.663586727585049552e+00
1.663843022801076765e+00
1.665148551719391135e+00
1.666018932969705713e+00
1.668735272022559446e+00
1.669523131303925156e+00
1.670733431765538013e+00
1.671206866520347223e+00
1.672014695500047887e+00
1.673615650260701582e+00
1.673648470979311575e+00
1.674396401435494619e+00
1.676016183168142826e+00
1.676792014720658974e+00
1.677024582566326583e+00
1.678023396138733636e+00
1.678175071049910372e+00
1.678204329563423247e+00
1.678309715901842747e+00
1.678550193665101053e+00
1.679146571469471105e+00
1.679706178011834528e+00
1.679713001675837480e+00
1.680127141840593419e+00
1.681192823744595222e+00
1.681510374643976347e+00
1.681575503521586024e+00
1.684113632804790095e+00
1.684475609600380785e+00
1.684727298283004604e+00
1.685252964217871074e+00
1.688023551009826928e+00
1.688027208915642507e+00
1.688327176597248735e+00
1.689748499975538776e+00
1.691733906598751114e+00
1.693363194924301984e+00
1.694340599401481295e+00
1.695099229315622624e+00
1.695301265883065733e+00
1.695975045263627523e+00
1.696297080862781081e+00
1.697221155786439839e+00
1.697630912864178887e+00
1.697859673171841832e+00
1.699275034513845428e+00
1.700299499463449493e+00
1.701142588011989032e+00
1.701834420216291166e+00
1.702345386080108769e+00
1.702775209573082593e+00
1.702953213950310962e+00
1.703637060171965034e+00
1.704770394103990894e+00
1.705529714785945616e+00
1.707808503848696535e+00
1.708333780295846926e+00
1.708505255515513355e+00
1.709285126325231108e+00
1.709758369422708091e+00
1.710021558159906307e+00
1.710262060084940750e+00
1.712521498225735961e+00
1.714669956519770500e+00
1.715643019909785183e+00
1.716118845543924909e+00
1.716599783290835735e+00
1.716852987993049195e+00
1.717066437741608054e+00
1.717307377816921221e+00
1.717728777108546545e+00
1.717927937593364263e+00
1.719698275285000744e+00
1.721877035379240972e+00
1.723806395308159267e+00
1.724235235184879311e+00
1.724541473848255624e+00
1.724901633472177620e+00
1.726496125037281448e+00
1.726595698127449063e+00
1.726793755055196833e+00
1.727086462091780295e+00
1.728260631669051417e+00
1.728844496914199613e+00
1.729300018901089420e+00
1.730491510839055058e+00
1.730713570373932031e+00
1.731230920014785735e+00
1.731375496860994456e+00
1.732327574374755041e+00
1.733735055877158482e+00
1.734006039730535020e+00
1.734044068567834218e+00
1.734114881398266306e+00
1.734948464956633352e+00
1.735896954029217953e+00
1.736074761168405978e+00
1.736087074172286693e+00
1.736701452617818831e+00
1.736706044198852883e+00
1.738523719237837106e+00
1.739740230740752791e+00
1.739891522626909159e+00
1.740571108809527257e+00
1.741023833231923890e+00
1.741583863273406418e+00
1.743488238547603153e+00
1.744566463972719417e+00
1.745018398722393949e+00
1.746214533012730108e+00
1.748503010975437810e+00
1.748908755781448221e+00
1.751714538221291084e+00
1.752221160054072024e+00
1.752519384035652328e+00
1.753990801379453845e+00
1.755018197997479046e+00
1.755235831461017693e+00
1.755519927827880355e+00
1.755788648373191929e+00
1.756428621347030150e+00
1.756580317313812145e+00
1.757413592782815615e+00
1.758698108411527183e+00
1.759141433358397899e+00
1.760473836223353405e+00
1.762812732338241206e+00
1.763812966821733941e+00
1.764495277983342714e+00
1.764673251903046580e+00
1.766167000068067150e+00
1.766186392342249611e+00
1.767180649178432539e+00
1.767553785165459912e+00
1.769291429564685991e+00
1.769706669898976514e+00
1.771564727763914604e+00
1.771877432088937221e+00
1.771887643475307028e+00
1.772050171738504210e+00
1.772597665573505621e+00
1.773362915802890738e+00
1.775250119083237932e+00
1.776904910328539922e+00
1.777111278486776635e+00
1.778154279091357370e+00
1.779341725623010850e+00
1.781622734719166878e+00
1.782341612773726380e+00
1.783230731275959657e+00
1.784219884576414783e+00
1.784785099824776955e+00
1.785235826096527756e+00
1.785986374827421175e+00
1.787240111167953893e+00
1.787431501894036545e+00
1.788620734573915128e+00
1.789023188651178042e+00
1.789152552810617802e+00
1.789783016626763867e+00
1.790758428194477281e+00
1.791479293186885924e+00
1.795978946483145489e+00
1.796358808726776335e+00
1.797512973984383144e+00
1.798491290311929003e+00
1.799629542176938823e+00
1.799826021735732251e+00
1.800463301385378578e+00
1.801816221118704986e+00
1.802477432945394309e+00
1.802688407316934693e+00
1.802715099549433875e+00
1.803174551093602362e+00
1.804081411795468215e+00
1.804870940908875232e+00
1.805021502493116659e+00
1.806033520652258417e+00
1.808589413968269444e+00
1.809457543074834307e+00
1.809714194075084936e+00
1.816290133101264637e+00
1.816848245485118252e+00
1.817010634664196322e+00
1.819377667677970489e+00
1.819437816294239507e+00
1.820414741136529235e+00
1.821727153278385414e+00
1.822987759417076248e+00
1.824137259472348838e+00
1.824339766420579600e+00
1.824375689271167333e+00
1.825300092695583354e+00
1.825322111227142496e+00
1.825908580296744299e+00
1.827131136504679843e+00
1.828097438759828552e+00
1.829401156891959701e+00
1.830742282787406694e+00
1.831416502468048435e+00
1.831729552302250763e+00
1.832189150642953734e+00
1.833161671061400932e+00
1.833993228026618905e+00
1.835646918082875612e+00
1.836119852529108476e+00
1.836389164507389316e+00
1.838872310391832299e+00
1.839027223006355571e+00
1.840002965533952706e+00
1.840914394580910551e+00
1.843205845619503291e+00
1.843873757368875266e+00
1.844756915316027479e+00
1.848020945214722044e+00
1.849552914008604443e+00
1.851810733611289228e+00
1.852148584338487947e+00
1.852541558649125619e+00
1.853712695016760614e+00
1.854127518902389804e+00
1.855099932962544385e+00
1.856245486093416552e+00
1.856902407139426003e+00
1.857059581794985315e+00
1.857368759822421778e+00
1.858082223818209089e+00
1.858359821215831875e+00
1.859069744816884473e+00
1.859933129434328203e+00
1.861037541835620646e+00
1.862187493007259276e+00
1.863157378453851543e+00
1.866188870700378422e+00
1.866374913465904450e+00
1.867711110347606507e+00
1.868681137117166324e+00
1.868996973009930285e+00
1.869256159035804110e+00
1.871384012825748178e+00
1.871940484035882202e+00
1.872084939176658080e+00
1.872167976957471502e+00
1.876513102809993727e+00
1.876673793940001111e+00
1.877379095882629301e+00
1.877729677205885128e+00
1.877952099055762991e+00
1.878588270443671826e+00
1.878979729444740565e+00
1.880015944045848375e+00
1.880240010251966520e+00
1.880296225563695467e+00
1.882137247977976546e+00
1.884275595746860210e+00
1.884504137833927784e+00
1.886029120661680381e+00
1.887130380687879416e+00
1.887366563752710169e+00
1.887572995532209585e+00
1.889327619715893691e+00
1.894135858507796977e+00
1.896980732483278143e+00
1.897974037204297915e+00
1.898134869243886191e+00
1.899510924990901239e+00
1.899581773122010819e+00
1.899833688672188492e+00
1.900670905739791694e+00
1.902355875744553781e+00
1.902687663475157498e+00
1.902910162039560982e+00
1.902973690827299613e+00
1.903024342247382927e+00
1.904545690554364512e+00
1.905162505646061266e+00
1.908546049206618855e+00
1.910815084168761224e+00
1.911167597067730872e+00
1.913008229195861665e+00
1.913554441085671298e+00
1.914988223155555058e+00
1.916380041022583525e+00
1.916931417319393205e+00
1.917706223295617018e+00
1.917882981569386747e+00
1.920655436784059367e+00
1.922652440822002928e+00
1.923097931688116047e+00
1.923184159180612918e+00
1.926368523209442518e+00
1.926513880829619385e+00
1.927543701426803979e+00
1.931666662308823668e+00
1.931890922731337001e+00
1.932381370452027181e+00
1.937803971759422872e+00
1.938582762036806573e+00
1.939450315989563522e+00
1.940746488128769709e+00
1.941224058222781990e+00
1.941461986970094866e+00
1.941910701112110171e+00
1.943009213085104658e+00
1.943102394497903562e+00
1.945393816587000613e+00
1.946847753417943583e+00
1.948281316457058709e+00
1.948349131817928903e+00
1.948608404276326977e+00
1.948809437445335524e+00
1.949502739129680862e+00
1.951326586873477931e+00
1.953576382243845000e+00
1.954075688525523047e+00
1.956605949933952093e+00
1.957581711511138245e+00
1.957871747626247272e+00
1.958488452210496611e+00
1.959377587278464672e+00
1.960376017514357416e+00
1.960815583543907170e+00
1.961683681271902513e+00
1.961784057585113539e+00
1.962437495194229387e+00
1.963600595032203744e+00
1.964765502319167245e+00
1.965270409893695058e+00
1.968861717698847658e+00
1.968923861543334208e+00
1.969015459776690236e+00
1.971401833948682292e+00
1.971467693966499013e+00
1.972611963591274220e+00
1.975478729414385182e+00
1.976778534190080761e+00
1.977563675480164651e+00
1.977761627051824567e+00
1.979746769051322186e+00
1.980741730693864389e+00
1.984363075654170361e+00
1.985631113004209025e+00
1.986129462653246414e+00
1.986690876578360410e+00
1.989508457782283468e+00
1.991603361032100228e+00
1.992203983359478681e+00
1.992415801243582862e+00
1.994714574676482499e+00
1.994971666208810390e+00
1.995108271374518516e+00
1.996070731155468847e+00
1.996930643086506585e+00
1.997045550440128325e+00
1.999098903334177058e+00
1.999557492813420323e+00
2.000346615414714702e+00
2.004861650842533649e+00
2.007881462070050915e+00
2.009101063808766074e+00
2.010089960279487720e+00
2.012253516448612611e+00
2.013205414762807344e+00
2.013409973984590540e+00
2.013665755439676186e+00
2.017509924632569618e+00
2.018785523362933709e+00
2.019674893213351474e+00
2.022464966572838030e+00
2.023759734282393641e+00
2.024649162106640699e+00
2.026671900319545028e+00
2.029251987814167713e+00
2.030168941250809489e+00
2.030387205296297459e+00
2.031589102445143791e+00
2.033735335519378573e+00
2.034939043225128419e+00
2.035064933234318918e+00
2.035864147509559352e+00
2.036188440360092500e+00
2.036291375843955365e+00
2.037143663578242059e+00
2.037923972517824645e+00
2.039568875023102024e+00
2.040465933782865893e+00
2.041154431633462885e+00
2.043943541954286847e+00
2.044018957887409282e+00
2.045907609808113481e+00
2.047070658072934979e+00
2.049386543010112138e+00
2.049389711813831561e+00
2.049928432484623197e+00
2.050824436724776323e+00
2.051749455974651859e+00
2.051868369722367191e+00
2.052192355243033006e+00
2.052648238292015481e+00
2.052773718045985074e+00
2.053890466006655036e+00
2.055528240787693139e+00
2.057149590671729200e+00
2.058569376218921221e+00
2.064720982285642492e+00
2.065031002454591480e+00
2.065314236351930788e+00
2.066701995894922650e+00
2.067026773491557723e+00
2.069442931864693414e+00
2.070896047483232305e+00
2.074482536682318301e+00
2.075459562993862583e+00
2.076918115618304750e+00
2.082727865376023946e+00
2.088808506091250017e+00
2.089385037766042341e+00
2.092543709936669494e+00
2.093490869427743206e+00
2.096164205897209420e+00
2.100896361121764588e+00
2.101012532190332571e+00
2.102133347618884152e+00
2.102908058566051341e+00
2.103862678657943519e+00
2.104050409822036283e+00
2.104306390994000076e+00
2.106218734060154585e+00
2.106276080970764575e+00
2.108285942786758405e+00
2.108537216411746851e+00
2.111981666248231804e+00
2.112135079406227689e+00
2.112973331537017607e+00
2.115098108478434380e+00
2.115657102524029387e+00
2.118425730267562201e+00
2.118878535783338624e+00
2.120003877750635812e+00
2.120572600044752676e+00
2.120634016731500981e+00
2.121346028532658856e+00
2.122344947775387514e+00
2.122609820498824629e+00
2.123555820072296374e+00
2.127749453587748363e+00
2.128064291446811751e+00
2.130215976906899122e+00
2.131812851736031966e+00
2.132844485216358610e+00
2.134595806448337019e+00
2.136440923290706007e+00
2.137328775939938197e+00
2.137748405048236489e+00
2.138781039818888008e+00
2.140624037190363538e+00
2.145464305989492892e+00
2.146102854574217123e+00
2.146633574551647605e+00
2.150445090979684615e+00
2.153535172670278719e+00
2.153896036986229667e+00
2.154982918124365820e+00
2.156821974205605841e+00
2.157125115966327389e+00
2.157595774565696178e+00
2.157977645786118615e+00
2.158674641325109000e+00
2.158874148135809357e+00
2.159678994162808063e+00
2.169621513746239128e+00
2.170667391996323747e+00
2.172842111965251455e+00
2.173617781352773726e+00
2.173734727658857224e+00
2.177891427504474731e+00
2.178495768870428950e+00
2.179214566248903751e+00
2.179400431688401696e+00
2.181789027549041915e+00
2.183056609583496233e+00
2.183361951655928390e+00
2.183465811867386197e+00
2.184402013269015175e+00
2.185104475396203672e+00
2.187966841359530346e+00
2.188677637721278657e+00
2.189055680799413484e+00
2.192884040028379111e+00
2.195118920021381648e+00
2.197189398153902573e+00
2.197354742800522676e+00
2.200719078749405089e+00
2.201521644405293188e+00
2.202043905303336491e+00
2.203932085843649080e+00
2.206926295455889253e+00
2.208425141748117770e+00
2.209314934927931073e+00
2.213044399343472524e+00
2.214238934789069635e+00
2.214423749356123849e+00
2.226883302843105650e+00
2.229565805693801916e+00
2.232679888978804428e+00
2.235014666597812116e+00
2.235314749357094399e+00
2.239518711103068771e+00
2.240192283425670450e+00
2.240640329345622295e+00
2.240762544562127090e+00
2.248303889312536441e+00
2.250183849191842000e+00
2.251369997662199030e+00
2.253357430257791005e+00
2.258776990485603431e+00
2.259214964429506534e+00
2.259828458958737851e+00
2.260731203691149549e+00
2.262225171402424628e+00
2.262300179600777117e+00
2.263702931353535508e+00
2.264960532507913626e+00
2.269196691747663586e+00
2.271939609181803377e+00
2.272502912090050842e+00
2.276303355095696368e+00
2.284469360790951864e+00
2.284803260553435855e+00
2.287123702617656296e+00
2.289196740404400021e+00
2.292559630292018369e+00
2.293611735187545797e+00
2.295090652207740778e+00
2.296598995248127828e+00
2.301035288490694164e+00
2.304520296652975198e+00
2.304807397864338636e+00
2.305090133533472585e+00
2.309388022338651147e+00
2.309598861962074423e+00
2.309871876622488607e+00
2.313558202178554346e+00
2.314295310083750667e+00
2.314829139386784806e+00
2.316431602059992656e+00
2.319976907006825684e+00
2.322589492509139042e+00
2.323898779346198040e+00
2.324041501998140191e+00
2.330738111836655690e+00
2.334474918970553592e+00
2.336117017542744811e+00
2.336920188513821994e+00
2.337760731329755703e+00
2.340346356846219944e+00
2.341665500356473029e+00
2.342970577339939631e+00
2.349843986976081656e+00
2.355814415450660615e+00
2.361719303032088213e+00
2.362052104291723520e+00
2.364314052141292866e+00
2.364425898295686945e+00
2.365669430832640252e+00
2.367294021573757679e+00
2.367369416927267434e+00
2.367638665800240627e+00
2.367720737954798871e+00
2.378037088955877731e+00
2.384256413090895865e+00
2.384962333334334605e+00
2.388728736864493385e+00
2.389420606184145868e+00
2.389708346727189792e+00
2.389950621841742784e+00
2.392720917965371452e+00
2.401348117873781884e+00
2.404152360910111863e+00
2.408687246351320699e+00
2.410367006661308320e+00
2.411954341324139772e+00
2.413817897996903827e+00
2.417595047604790270e+00
2.418322455894541534e+00
2.418884369247459976e+00
2.419732953370469453e+00
2.424599511661349904e+00
2.428346944299870636e+00
2.429399004416096020e+00
2.430578130954923033e+00
2.431020032369136441e+00
2.434089282298478540e+00
2.436819764849370795e+00
2.437513007853548075e+00
2.437899251634834563e+00
2.440884644054142072e+00
2.447214998203794512e+00
2.449569597372244889e+00
2.452552294195567750e+00
2.452753440456671541e+00
2.458396775112737576e+00
2.459215617567467760e+00
2.462343555927092975e+00
2.465073779848018898e+00
2.469061494563519421e+00
2.471827675385613432e+00
2.472934487100282741e+00
2.473235131133884046e+00
2.473547205879860655e+00
2.474104915247594683e+00
2.475190212020364378e+00
2.478340348949581884e+00
2.480858572463575662e+00
2.483446846143721132e+00
2.485686404586764819e+00
2.486639130898439465e+00
2.490423373201160473e+00
2.494449987048526385e+00
2.494717105393963852e+00
2.494798096052274428e+00
2.496984166777530323e+00
2.497321643070231634e+00
2.498933853323000776e+00
2.500671183407311204e+00
2.509365712224949974e+00
2.510092274674076140e+00
2.513660380149100870e+00
2.514375877929484915e+00
2.516912706359951013e+00
2.519253484500639129e+00
2.529200835683211857e+00
2.534263289333893443e+00
2.543405799021751790e+00
2.546575560131473903e+00
2.547500270798531474e+00
2.549086529972798942e+00
2.554178076389262309e+00
2.555932937371983016e+00
2.557312811140238118e+00
2.557835951895574667e+00
2.558154892765264865e+00
2.560969015917882174e+00
2.562153518899240368e+00
2.564945611597490238e+00
2.566163869481963289e+00
2.566707866552512041e+00
2.569379545584513203e+00
2.569699641640998955e+00
2.573167262640874142e+00
2.573888360673036946e+00
2.574129651114985151e+00
2.576613851069994965e+00
2.577886087599893461e+00
2.580481274582538731e+00
2.587395468092029471e+00
2.588894350403364797e+00
2.589617422998097940e+00
2.593676250151450979e+00
2.598234567644858384e+00
2.601064568897093032e+00
2.605051101664517699e+00
2.611303785387222298e+00
2.613626503605622986e+00
2.614679806741609713e+00
2.617410886797916447e+00
2.624642082599552673e+00
2.624688359887591194e+00
2.630334712133323372e+00
2.643625729587668172e+00
2.647557477494733913e+00
2.647691080679177134e+00
2.648209164788193348e+00
2.650860885535438527e+00
2.652128947675884696e+00
2.660185816958647198e+00
2.660568862177488558e+00
2.662659190120075348e+00
2.663365449550942454e+00
2.667061779708474134e+00
2.667790197502388772e+00
2.677519980211586770e+00
2.677906304023606410e+00
2.677941092244016108e+00
2.681285660758954137e+00
2.683238211994955158e+00
2.687964763122614009e+00
2.688571690275471049e+00
2.689282894498139509e+00
2.691437590984973482e+00
2.694935556364452811e+00
2.698428264541397059e+00
2.700292695571740342e+00
2.705046007913631367e+00
2.709247705690855934e+00
2.709891661113423833e+00
2.710207647673011699e+00
2.711797991536768926e+00
2.713682069533606800e+00
2.721350447620513702e+00
2.721640294344769284e+00
2.721921720457883165e+00
2.724504997852078336e+00
2.724735244261613953e+00
2.725221335248843246e+00
2.729058626145542288e+00
2.730445900768839529e+00
2.732461173071659033e+00
2.733718138578754342e+00
2.742909381861520668e+00
2.747272028380652653e+00
2.749010634213193693e+00
2.750326760793184278e+00
2.757890360582307299e+00
2.758900355294880757e+00
2.763234675511271554e+00
2.766706747279519707e+00
2.768349929062281500e+00
2.776685535099209012e+00
2.781148991721460018e+00
2.781994687012134371e+00
2.783764413732474630e+00
2.784585337334788413e+00
2.794297228466387395e+00
2.795958552556453647e+00
2.803005690681470430e+00
2.805723432310657905e+00
2.812576799686016482e+00
2.815302471428855480e+00
2.815779140854572038e+00
2.819789201861513384e+00
2.825907024038828652e+00
2.827631745647883665e+00
2.828940575162231852e+00
2.839174759924316671e+00
2.847078672733346583e+00
2.859798919086221858e+00
2.873702786745212290e+00
2.877134849220831292e+00
2.887581772952976245e+00
2.891790546545569107e+00
2.892652009565670035e+00
2.908853626638810752e+00
2.920919865989255459e+00
2.922426405320496468e+00
2.931123958930439422e+00
2.932274758968548056e+00
2.933575490349161097e+00
2.936983653824174922e+00
2.937941025419410490e+00
2.942315528984968953e+00
2.945851264973142314e+00
2.951148573835879585e+00
2.955121752605547325e+00
2.970993342891794953e+00
2.971079036297121778e+00
2.990404454593566186e+00
2.998524430408042729e+00
3.002723544053623073e+00
3.003513505552993124e+00
3.016477531671425627e+00
3.030001467848875585e+00
3.030453350565717408e+00
3.032504704306154597e+00
3.037565906849682307e+00
3.043400774589804847e+00
3.043806713445259771e+00
3.047407261260631106e+00
3.051193235828274286e+00
3.062923211184971795e+00
3.063094082665193341e+00
3.071240179752748656e+00
3.071556261414850386e+00
3.074635798003692688e+00
3.075304871122853445e+00
3.079205956942275613e+00
3.080334057204318299e+00
3.083025900451077828e+00
3.084178547035120843e+00
3.092163658228106904e+00
3.095564151958508869e+00
3.111162737038650317e+00
3.114187007619402703e+00
3.118413166210502130e+00
3.123319148396717093e+00
3.137491053905859584e+00
3.144066457480835020e+00
3.148188730801074975e+00
3.152025968203024497e+00
3.164122631555546405e+00
3.164232272226140452e+00
3.165402036704521915e+00
3.173049857934779006e+00
3.184330265433992224e+00
3.191253391122784944e+00
3.198382708530593366e+00
3.207810134267215840e+00
3.208637521274906312e+00
3.213101973951804524e+00
3.247434120846844241e+00
3.250362725500384187e+00
3.253971074539702801e+00
3.254256939297117235e+00
3.259777267254076794e+00
3.263442213320018492e+00
3.266142993369635761e+00
3.266335319318677488e+00
3.282554888565474283e+00
3.283329403860121509e+00
3.284380925443140420e+00
3.286158672110892631e+00
3.294314724489724178e+00
3.297686133540777220e+00
3.307838646507835101e+00
3.318823853371259958e+00
3.348379383232077622e+00
3.352124161675647418e+00
3.361455467474169012e+00
3.379113057364570682e+00
3.393510255031926715e+00
3.397931995904434288e+00
3.410300442582298253e+00
3.428255565385176951e+00
3.435833519806854586e+00
3.445369025002151364e+00
3.445589801368369010e+00
3.454245750802527937e+00
3.455526273638772849e+00
3.455952458180864273e+00
3.459604784046959036e+00
3.480292774457050431e+00
3.501545942040312998e+00
3.501608260730301847e+00
3.506166303493889913e+00
3.519857676695798965e+00
3.537658605839718362e+00
3.580950678545972821e+00
3.592221869750658936e+00
3.606524420296548961e+00
3.623723539298901120e+00
3.627053219202203582e+00
3.631895306506446541e+00
3.636514453406495040e+00
3.639501375364546654e+00
3.649153109526163785e+00
3.659295634579624590e+00
3.679164165217649884e+00
3.682351951128782996e+00
3.686505135136141753e+00
3.713058516015433685e+00
3.722378520534273427e+00
3.743212758106661653e+00
3.758214211830217089e+00
3.770240076881103519e+00
3.780171409582251396e+00
3.799400339778131297e+00
3.826827484768507759e+00
3.828147962158262363e+00
3.872829498599188014e+00
3.873890183060385350e+00
3.875840957596279335e+00
3.876360796592207780e+00
3.992222319198472480e+00
3.993113719811137052e+00
4.018261311659697022e+00
4.084459581738539846e+00
4.086289119803287129e+00
4.142684022562520774e+00
4.143958635108042188e+00
4.184167055709707483e+00
4.308016548800320145e+00
4.357962020386433544e+00
4.456734955616147076e+00
4.573314140332719546e+00
4.593896862563011219e+00
4.985661669251708616e+00
5.416624412178453696e+00
5.460068837559328259e+00
