8444  6
8475  4
8514  5
8575  6
8577  14
8583  15
8585  8
8603  20
8606  12
8612  14
8615  6
8632  11
8637  3
8639  4
8642  4
8646  2
8647  3
8649  9
8653  6
8655  36
8657  4
8658  11
8660  13
8661  12
8674  32
8675  4
8678  7
8680  2
8683  8
8688  4
8689  7
8691  5
8692  13
8693  7
8694  7
8696  6
8699  112
8702  12
8704  9
8708  34
8710  6
8711  26
8713  36
8714  4
8715  36
8716  36
8717  3
8718  30
8721  37
8723  12
8724  26
8725  26
8726  2
8727  10
8728  10
8730  15
8732  10
8734  12
8735  7
8737  23
8738  5
8739  20
8741  2
8742  13
8743  163
8744  13
8745  27
8746  25
8747  60
8748  14
8750  1
8751  9
8752  41
8753  14
8754  40
8755  18
8756  45
8757  14
8758  35
8759  99
8760  4
8761  33
8762  48
8763  38
8764  61
8766  67
8767  24
8768  56
8769  5
8770  23
8771  36
8772  15
8773  21
8774  19
8775  16
8776  21
8777  27
8778  46
8779  11
8780  139
8781  111
8782  171
8783  30
8784  40
8785  36
8786  85
8787  89
8788  115
8789  48
8790  25
8791  50
8792  27
8793  22
8794  6
8795  32
8796  12
8797  48
8798  105
8799  18
8800  27
8801  56
8802  77
8803  46
8804  51
8805  134
8806  232
8807  126
8808  71
8809  52
8810  35
8811  53
8812  130
8813  95
8814  95
8815  110
8816  105
8817  191
8818  39
8819  63
8820  88
8821  158
8822  240
8823  132
8824  31
8825  35
8826  65
8827  101
8828  125
8829  85
8830  46
8831  80
8832  286
8833  134
8834  36
8835  166
8836  188
8837  173
8838  142
8839  60
8840  174
8841  197
8842  288
8843  280
8844  232
8845  190
8846  327
8847  97
8848  188
8849  214
8850  136
8851  100
8852  222
8853  145
8854  246
8855  91
8856  225
8857  333
8858  327
8859  232
8860  185
8861  220
8862  222
8863  338
8864  282
8865  373
8866  305
8867  210
8868  536
8869  392
8870  426
8871  360
8872  444
8873  531
8874  299
8875  432
8876  538
8877  369
8878  707
8879  446
8880  549
8881  570
8882  367
8883  508
8884  613
8885  751
8886  550
8887  579
8888  488
8889  695
8890  598
8891  765
8892  757
8893  977
8894  874
8895  651
8896  652
8897  883
8898  1041
8899  871
8900  534
8901  768
8902  952
8903  797
8904  713
8905  1306
8906  1135
8907  1104
8908  1613
8909  1270
8910  971
8911  1261
8912  1066
8913  1316
8914  1283
8915  1306
8916  1471
8917  1474
8918  2075
8919  1868
8920  2380
8921  2107
8922  2174
8923  1893
8924  2221
8925  2006
8926  1962
8927  1883
8928  2155
8929  2493
8930  2439
8931  1998
8932  2359
8933  2360
8934  3069
8935  3299
8936  2977
8937  2556
8938  3448
8939  2791
8940  3218
8941  2833
8942  3479
8943  3158
8944  3557
8945  3346
8946  3806
8947  3430
8948  4720
8949  4104
8950  4377
8951  4620
8952  4649
8953  5449
8954  5343
8955  4755
8956  6243
8957  5484
8958  5637
8959  5520
8960  6625
8961  6340
8962  6337
8963  5960
8964  5922
8965  6184
8966  6886
8967  7049
8968  7386
8969  7592
8970  8112
8971  8416
8972  8573
8973  8333
8974  9394
8975  8855
8976  9595
8977  9603
8978  11028
8979  11346
8980  10788
8981  11655
8982  12308
8983  11433
8984  13344
8985  12987
8986  13580
8987  13750
8988  12010
8989  14178
8990  14304
8991  15642
8992  17174
8993  15436
8994  16289
8995  17231
8996  17401
8997  17111
8998  17014
8999  21382
9000  17733
9001  19687
9002  20392
9003  20139
9004  21223
9005  20019
9006  20657
9007  22749
9008  23396
9009  21650
9010  25784
9011  24845
9012  24873
9013  26836
9014  27687
9015  29731
9016  28129
9017  28703
9018  29979
9019  29633
9020  30188
9021  31571
9022  31977
9023  32425
9024  33388
9025  33852
9026  36702
9027  36191
9028  35773
9029  37973
9030  38821
9031  39411
9032  42160
9033  42414
9034  45185
9035  44290
9036  44016
9037  45333
9038  45514
9039  47847
9040  47401
9041  49543
9042  50871
9043  53272
9044  52803
9045  53829
9046  55045
9047  56263
9048  57971
9049  59235
9050  58836
9051  61193
9052  60591
9053  63716
9054  65266
9055  65593
9056  68740
9057  71683
9058  69029
9059  71846
9060  73436
9061  72135
9062  74478
9063  78363
9064  77128
9065  79398
9066  78270
9067  80524
9068  84112
9069  83680
9070  84511
9071  87338
9072  85312
9073  91100
9074  93942
9075  94237
9076  97967
9077  97798
9078  97337
9079  99965
9080  102567
9081  105878
9082  99862
9083  100080
9084  109805
9085  107567
9086  109608
9087  113582
9088  114070
9089  119199
9090  117214
9091  119192
9092  121151
9093  124632
9094  123959
9095  128056
9096  128743
9097  133562
9098  132707
9099  133422
9100  138170
9101  137803
9102  142716
9103  142975
9104  144611
9105  149490
9106  148409
9107  148539
9108  149559
9109  150846
9110  155352
9111  157217
9112  156437
9113  157720
9114  165495
9115  161711
9116  165591
9117  165361
9118  169026
9119  170810
9120  173763
9121  175385
9122  177358
9123  181757
9124  180710
9125  180573
9126  184499
9127  183515
9128  191781
9129  188911
9130  188489
9131  195851
9132  199670
9133  195454
9134  199132
9135  208550
9136  207971
9137  205471
9138  209338
9139  211120
9140  212792
9141  211552
9142  215867
9143  219424
9144  218978
9145  224512
9146  225017
9147  227473
9148  225182
9149  229464
9150  230281
9151  231360
9152  234637
9153  234360
9154  238736
9155  236527
9156  241481
9157  246488
9158  240155
9159  242060
9160  249568
9161  248208
9162  249872
9163  250058
9164  258098
9165  253358
9166  254384
9167  258745
9168  260734
9169  257142
9170  264694
9171  259919
9172  261699
9173  267172
9174  274401
9175  271055
9176  272916
9177  277266
9178  276874
9179  273016
9180  279248
9181  281245
9182  276268
9183  284463
9184  278572
9185  283217
9186  282622
9187  282213
9188  277547
9189  294225
9190  295817
9191  284061
9192  292193
9193  287828
9194  295057
9195  294990
9196  291459
9197  298644
9198  290647
9199  296958
9200  297590
9201  299382
9202  301662
9203  300072
9204  302786
9205  306591
9206  301943
9207  301642
9208  304871
9209  307153
9210  303188
9211  305381
9212  305303
9213  308434
9214  306970
9215  303625
9216  309463
9217  309078
9218  307393
9219  307586
9220  307861
9221  311826
9222  311003
9223  313461
9224  309349
9225  309809
9226  314903
9227  307861
9228  306207
9229  316773
9230  314508
9231  311208
9232  313234
9233  312957
9234  308371
9235  313798
9236  309867
9237  314664
9238  314860
9239  312425
9240  315765
9241  312318
9242  314074
9243  313048
9244  308672
9245  312241
9246  312751
9247  303015
9248  310987
9249  316825
9250  311978
9251  306723
9252  313670
9253  315183
9254  309475
9255  311182
9256  307034
9257  308040
9258  307175
9259  311378
9260  310320
9261  300437
9262  305337
9263  308683
9264  307825
9265  307948
9266  299081
9267  307765
9268  301490
9269  300490
9270  299696
9271  306135
9272  301648
9273  297506
9274  301427
9275  299847
9276  300601
9277  295975
9278  292351
9279  300824
9280  301323
9281  292324
9282  293838
9283  291118
9284  291630
9285  294552
9286  290691
9287  289458
9288  289548
9289  286918
9290  291528
9291  287446
9292  285291
9293  290883
9294  293412
9295  287495
9296  282924
9297  281618
9298  281799
9299  277834
9300  280767
9301  285638
9302  278119
9303  279412
9304  280148
9305  273514
9306  278205
9307  279569
9308  267310
9309  276156
9310  274160
9311  269200
9312  270550
9313  266854
9314  275407
9315  272918
9316  268675
9317  263442
9318  265486
9319  264970
9320  267712
9321  263008
9322  259572
9323  265285
9324  256073
9325  259867
9326  254903
9327  262026
9328  255323
9329  256883
9330  253842
9331  253418
9332  251650
9333  253889
9334  253714
9335  247421
9336  249780
9337  247659
9338  250845
9339  247972
9340  248100
9341  249058
9342  248121
9343  240543
9344  243965
9345  250998
9346  240822
9347  236716
9348  238645
9349  247697
9350  246646
9351  244538
9352  247447
9353  241528
9354  241024
9355  237786
9356  239068
9357  237634
9358  238493
9359  240898
9360  245066
9361  236949
9362  248577
9363  244385
9364  238097
9365  237189
9366  244411
9367  250208
9368  241935
9369  241317
9370  243319
9371  234706
9372  239699
9373  242397
9374  244702
9375  239585
9376  238800
9377  239194
9378  242499
9379  243743
9380  241878
9381  246133
9382  241984
9383  243319
9384  240756
9385  243238
9386  245998
9387  246917
9388  246738
9389  237334
9390  248750
9391  244471
9392  240931
9393  245547
9394  247045
9395  247608
9396  250399
9397  245278
9398  253214
9399  245497
9400  242406
9401  243832
9402  243123
9403  249376
9404  241076
9405  245062
9406  246068
9407  243684
9408  241449
9409  240993
9410  246212
9411  253053
9412  244001
9413  248654
9414  248809
9415  251008
9416  248868
9417  248484
9418  256391
9419  248238
9420  248473
9421  258296
9422  254602
9423  253051
9424  252443
9425  253360
9426  256971
9427  263579
9428  259046
9429  259390
9430  268393
9431  260530
9432  257697
9433  259766
9434  257925
9435  266738
9436  258586
9437  267786
9438  263898
9439  265834
9440  266228
9441  271852
9442  268345
9443  268561
9444  270793
9445  271415
9446  272971
9447  276057
9448  275824
9449  277059
9450  284968
9451  278294
9452  278102
9453  271698
9454  277236
9455  284821
9456  284493
9457  287711
9458  286795
9459  287891
9460  286454
9461  288679
9462  292686
9463  292256
9464  287904
9465  293400
9466  288814
9467  296085
9468  291931
9469  307294
9470  301752
9471  301419
9472  299310
9473  306028
9474  304969
9475  313985
9476  303653
9477  304543
9478  302517
9479  307245
9480  304611
9481  304781
9482  306234
9483  313859
9484  316873
9485  313083
9486  317102
9487  314667
9488  309992
9489  307793
9490  315905
9491  319923
9492  320610
9493  315808
9494  315787
9495  315511
9496  315060
9497  317151
9498  319309
9499  316424
9500  322286
9501  312095
9502  318439
9503  321008
9504  320396
9505  324775
9506  325220
9507  325627
9508  322916
9509  330384
9510  326228
9511  328029
9512  329369
9513  332661
9514  329370
9515  334223
9516  328558
9517  330061
9518  334270
9519  331342
9520  328075
9521  332748
9522  336058
9523  331394
9524  337408
9525  334328
9526  338403
9527  336127
9528  337997
9529  337425
9530  337487
9531  342509
9532  340462
9533  336323
9534  337627
9535  340998
9536  347501
9537  341488
9538  348723
9539  352030
9540  341446
9541  346081
9542  348445
9543  343780
9544  347452
9545  348262
9546  350748
9547  347574
9548  355670
9549  353861
9550  349941
9551  355210
9552  352091
9553  354392
9554  353112
9555  353931
9556  362371
9557  350669
9558  362560
9559  355707
9560  360540
9561  359559
9562  358720
9563  365741
9564  361902
9565  369064
9566  359521
9567  362672
9568  363239
9569  367589
9570  365389
9571  361838
9572  367328
9573  360922
9574  365157
9575  373402
9576  365561
9577  367875
9578  364209
9579  372873
9580  373841
9581  371257
9582  371684
9583  379845
9584  368769
9585  371040
9586  371792
9587  374413
9588  370384
9589  377594
9590  379005
9591  373112
9592  374480
9593  379974
9594  374158
9595  371904
9596  376003
9597  376038
9598  372162
9599  372670
9600  377051
9601  379590
9602  379328
9603  381351
9604  380180
9605  374148
9606  378576
9607  379623
9608  381653
9609  379462
9610  383917
9611  386042
9612  375223
9613  376629
9614  384115
9615  384218
9616  381067
9617  387202
9618  382934
9619  382532
9620  387227
9621  381757
9622  396233
9623  390205
9624  385249
9625  382339
9626  387922
9627  397000
9628  396530
9629  381858
9630  387392
9631  391732
9632  392550
9633  393489
9634  389170
9635  398194
9636  396092
9637  401103
9638  395206
9639  392107
9640  407879
9641  398669
9642  390102
9643  395769
9644  396822
9645  405140
9646  397322
9647  403262
9648  395286
9649  405589
9650  401394
9651  398030
9652  398283
9653  400991
9654  406971
9655  403683
9656  401086
9657  405215
9658  392886
9659  408044
9660  408939
9661  401150
9662  413519
9663  404879
9664  402111
9665  399824
9666  421216
9667  412480
9668  407585
9669  411412
9670  412185
9671  410238
9672  407041
9673  407300
9674  408943
9675  410399
9676  414934
9677  409336
9678  410111
9679  412011
9680  412135
9681  413024
9682  423107
9683  423207
9684  420020
9685  415743
9686  418131
9687  419716
9688  421652
9689  416274
9690  418538
9691  424638
9692  425632
9693  425905
9694  431092
9695  418321
9696  421603
9697  423033
9698  423476
9699  430510
9700  424876
9701  426641
9702  439876
9703  431069
9704  427502
9705  426440
9706  432374
9707  435952
9708  433063
9709  433683
9710  436009
9711  434452
9712  437558
9713  434000
9714  430892
9715  434949
9716  436509
9717  434661
9718  441971
9719  437296
9720  440827
9721  431409
9722  432437
9723  442887
9724  433422
9725  447745
9726  440003
9727  438204
9728  442260
9729  440954
9730  444688
9731  447291
9732  445487
9733  438482
9734  450586
9735  445350
9736  451676
9737  446517
9738  446659
9739  450883
9740  447387
9741  446851
9742  445506
9743  451436
9744  441725
9745  450587
9746  448572
9747  446447
9748  446508
9749  461355
9750  451313
9751  444535
9752  455072
9753  456041
9754  453926
9755  455493
9756  448500
9757  453443
9758  454895
9759  451860
9760  460285
9761  453234
9762  454148
9763  452832
9764  455848
9765  456650
9766  454408
9767  458667
9768  455221
9769  459250
9770  464520
9771  458892
9772  459991
9773  458290
9774  461675
9775  457626
9776  460246
9777  458732
9778  465710
9779  458084
9780  461362
9781  469150
9782  466704
9783  467132
9784  465880
9785  466153
9786  472211
9787  463092
9788  461635
9789  465642
9790  469332
9791  475956
9792  467255
9793  465281
9794  473649
9795  465430
9796  469107
9797  475427
9798  476527
9799  480314
9800  465762
9801  475363
9802  464866
9803  475299
9804  474885
9805  474667
9806  479296
9807  472900
9808  479427
9809  485042
9810  478989
9811  478630
9812  477290
9813  474151
9814  487054
9815  480452
9816  474359
9817  485178
9818  480370
9819  483344
9820  487219
9821  476209
9822  479537
9823  485006
9824  485492
9825  493664
9826  489142
9827  493885
9828  486098
9829  484321
9830  479009
9831  484593
9832  481692
9833  486558
9834  482224
9835  489088
9836  485020
9837  480892
9838  496881
9839  489632
9840  493990
9841  489249
9842  491107
9843  490515
9844  497174
9845  493005
9846  494487
9847  496291
9848  495074
9849  499165
9850  491449
9851  492419
9852  490202
9853  492271
9854  487321
9855  500194
9856  498831
9857  494228
9858  493575
9859  500474
9860  508222
9861  506580
9862  500189
9863  499071
9864  495278
9865  494215
9866  501001
9867  495925
9868  492948
9869  499438
9870  494516
9871  500883
9872  498073
9873  503563
9874  504716
9875  500207
9876  497289
9877  502633
9878  500729
9879  509099
9880  497076
9881  504279
9882  495377
9883  512698
9884  499071
9885  501697
9886  504850
9887  503719
9888  502324
9889  501327
9890  512100
9891  502350
9892  512163
9893  514611
9894  508876
9895  516602
9896  505237
9897  516785
9898  516735
9899  509018
9900  507635
9901  511153
9902  517101
9903  507923
9904  517893
9905  507606
9906  513798
9907  512153
9908  515934
9909  513701
9910  504424
9911  515219
9912  515269
9913  508636
9914  511735
9915  510715
9916  506994
9917  520975
9918  515946
9919  511137
9920  513897
9921  515363
9922  522036
9923  520115
9924  515741
9925  519882
9926  515807
9927  521528
9928  517516
9929  519724
9930  516144
9931  522603
9932  514019
9933  519415
9934  525114
9935  512742
9936  516988
9937  516604
9938  523976
9939  519884
9940  525688
9941  520780
9942  523633
9943  517311
9944  525184
9945  520388
9946  525565
9947  518141
9948  524541
9949  529763
9950  515485
9951  527636
9952  524815
9953  519016
9954  518730
9955  523472
9956  523398
9957  530780
9958  524235
9959  520724
9960  523178
9961  527016
9962  531629
9963  528154
9964  520084
9965  528964
9966  526338
9967  526134
9968  526784
9969  526200
9970  532438
9971  526426
9972  521570
9973  536045
9974  534367
9975  527611
9976  527348
9977  534234
9978  535802
9979  534292
9980  537039
9981  535108
9982  515976
9983  523447
9984  529280
9985  525435
9986  527405
9987  534408
9988  537521
9989  533723
9990  533991
9991  532613
9992  522137
9993  531333
9994  534752
9995  529791
9996  526758
9997  527071
9998  534305
9999  524849
10000  529044
10001  534120
10002  528286
10003  535873
10004  528862
10005  531448
10006  533316
10007  531798
10008  529125
10009  532845
10010  529949
10011  533317
10012  539984
10013  527141
10014  533035
10015  536308
10016  529543
10017  540933
10018  538320
10019  537226
10020  538239
10021  537073
10022  533637
10023  537692
10024  532337
10025  535937
10026  536621
10027  538396
10028  533509
10029  532149
10030  533640
10031  539313
10032  526738
10033  534767
10034  538524
10035  529246
10036  528430
10037  540411
10038  529504
10039  539099
10040  542998
10041  532806
10042  534236
10043  522487
10044  531883
10045  534016
10046  538698
10047  532335
10048  529046
10049  531310
10050  540746
10051  530781
10052  543451
10053  524755
10054  534592
10055  531529
10056  532340
10057  537100
10058  529552
10059  530057
10060  539862
10061  530981
10062  535048
10063  542307
10064  532712
10065  538017
10066  532760
10067  527621
10068  537605
10069  536493
10070  535339
10071  529363
10072  537340
10073  530798
10074  532379
10075  536128
10076  529419
10077  537632
10078  534838
10079  527751
10080  536257
10081  537003
10082  529675
10083  533629
10084  538624
10085  526915
10086  533854
10087  529726
10088  528388
10089  529140
10090  536050
10091  532281
10092  528655
10093  537737
10094  530100
10095  530934
10096  534764
10097  526034
10098  534565
10099  524761
10100  536668
10101  526493
10102  532393
10103  537331
10104  533075
10105  525471
10106  532282
10107  531804
10108  532805
10109  536927
10110  536316
10111  527604
10112  527970
10113  532277
10114  528680
10115  533799
10116  528245
10117  530662
10118  525426
10119  526490
10120  531933
10121  530226
10122  523824
10123  523746
10124  532536
10125  526243
10126  528242
10127  528060
10128  521950
10129  527783
10130  523272
10131  535840
10132  521155
10133  514071
10134  529783
10135  517498
10136  524456
10137  523247
10138  523516
10139  522793
10140  528366
10141  532453
10142  524253
10143  527315
10144  528460
10145  526285
10146  520074
10147  532650
10148  519814
10149  521392
10150  530773
10151  518551
10152  528848
10153  520294
10154  514333
10155  520849
10156  516963
10157  520034
10158  525865
10159  517144
10160  521122
10161  519302
10162  513743
10163  526764
10164  519951
10165  510759
10166  511278
10167  519243
10168  508314
10169  512741
10170  513548
10171  522453
10172  521271
10173  511886
10174  510743
10175  513790
10176  512153
10177  503446
10178  519484
10179  518831
10180  510888
10181  512116
10182  517304
10183  512490
10184  506997
10185  509159
10186  510620
10187  510359
10188  506950
10189  506901
10190  509622
10191  513510
10192  506440
10193  512731
10194  512406
10195  505456
10196  506161
10197  499702
10198  502350
10199  507559
10200  510893
10201  505104
10202  508752
10203  499021
10204  501858
10205  498519
10206  508786
10207  500861
10208  497916
10209  495001
10210  497385
10211  499890
10212  498158
10213  490481
10214  499967
10215  498200
10216  489300
10217  505303
10218  504905
10219  492582
10220  494084
10221  501632
10222  494600
10223  494479
10224  497991
10225  501578
10226  489585
10227  495524
10228  492211
10229  493664
10230  489522
10231  496441
10232  492263
10233  492028
10234  488324
10235  486697
10236  493377
10237  491365
10238  484892
10239  488314
10240  482629
10241  490546
10242  491383
10243  478103
10244  491658
10245  485617
10246  480655
10247  484578
10248  484557
10249  484362
10250  484139
10251  482016
10252  482768
10253  481804
10254  477850
10255  480161
10256  486099
10257  479217
10258  476051
10259  477861
10260  474833
10261  470957
10262  481417
10263  471913
10264  469073
10265  470985
10266  475065
10267  473592
10268  478303
10269  467511
10270  473050
10271  468515
10272  461491
10273  473637
10274  465871
10275  467373
10276  466289
10277  468948
10278  461418
10279  469089
10280  468194
10281  462544
10282  466675
10283  469171
10284  471309
10285  464639
10286  460075
10287  464521
10288  461135
10289  453546
10290  467587
10291  450979
10292  460890
10293  457789
10294  461232
10295  464203
10296  459909
10297  449886
10298  445355
10299  448526
10300  446786
10301  456552
10302  453663
10303  449285
10304  456389
10305  438717
10306  452131
10307  447556
10308  449778
10309  449812
10310  446349
10311  446959
10312  437058
10313  440189
10314  443103
10315  445604
10316  439377
10317  438453
10318  440464
10319  442548
10320  434324
10321  437399
10322  443063
10323  425037
10324  447456
10325  433552
10326  433376
10327  433042
10328  435694
10329  444310
10330  434689
10331  431164
10332  430920
10333  428307
10334  438837
10335  425820
10336  423581
10337  424131
10338  429215
10339  438807
10340  432446
10341  426890
10342  424742
10343  417333
10344  420412
10345  422970
10346  422634
10347  418379
10348  420090
10349  419944
10350  421042
10351  415074
10352  413467
10353  413427
10354  423641
10355  417156
10356  423763
10357  418944
10358  404651
10359  414263
10360  415969
10361  413573
10362  411943
10363  406575
10364  406951
10365  408800
10366  408798
10367  410490
10368  410077
10369  401257
10370  404831
10371  400324
10372  401215
10373  402701
10374  397048
10375  402615
10376  401512
10377  397946
10378  401660
10379  398862
10380  403801
10381  394374
10382  401476
10383  394821
10384  401633
10385  398805
10386  400401
10387  391672
10388  399289
10389  394316
10390  391197
10391  388559
10392  390411
10393  384943
10394  388467
10395  376375
10396  382871
10397  383455
10398  384675
10399  377526
10400  380056
10401  383790
10402  383589
10403  385362
10404  374074
10405  382804
10406  378968
10407  379948
10408  379236
10409  377816
10410  371049
10411  378653
10412  375343
10413  368921
10414  371633
10415  375982
10416  368103
10417  374429
10418  368159
10419  362984
10420  369474
10421  368419
10422  363361
10423  358828
10424  358624
10425  367079
10426  366594
10427  354636
10428  359796
10429  355545
10430  360390
10431  359368
10432  355040
10433  363295
10434  352777
10435  357170
10436  353794
10437  350833
10438  354015
10439  347089
10440  353887
10441  352833
10442  346722
10443  351820
10444  347853
10445  340367
10446  348751
10447  357167
10448  345975
10449  349272
10450  341190
10451  341890
10452  335892
10453  345866
10454  341565
10455  341564
10456  335224
10457  336614
10458  339533
10459  341385
10460  340539
10461  337003
10462  340078
10463  338761
10464  332910
10465  328429
10466  320750
10467  330196
10468  326637
10469  331746
10470  325469
10471  325691
10472  322620
10473  321362
10474  327332
10475  323262
10476  325605
10477  318846
10478  320560
10479  319334
10480  314085
10481  315817
10482  320430
10483  318912
10484  319160
10485  320177
10486  310376
10487  314521
10488  312502
10489  311451
10490  309705
10491  303879
10492  306272
10493  312946
10494  311702
10495  317786
10496  299468
10497  306894
10498  310287
10499  305154
10500  305650
10501  300130
10502  300045
10503  299192
10504  302661
10505  295938
10506  306075
10507  298528
10508  297987
10509  291475
10510  304717
10511  295273
10512  296486
10513  292056
10514  293471
10515  294657
10516  291048
10517  293376
10518  288650
10519  286146
10520  289772
10521  287690
10522  287308
10523  286766
10524  283177
10525  282131
10526  280507
10527  283691
10528  281835
10529  277672
10530  281771
10531  279962
10532  275332
10533  280881
10534  277703
10535  279435
10536  271564
10537  275873
10538  274399
10539  272963
10540  273460
10541  269970
10542  270949
10543  270587
10544  264357
10545  272499
10546  269077
10547  266935
10548  264308
10549  265751
10550  266371
10551  269308
10552  263954
10553  264570
10554  262636
10555  261163
10556  259513
10557  259074
10558  259253
10559  258948
10560  258359
10561  257796
10562  256034
10563  261173
10564  255983
10565  252400
10566  259050
10567  255415
10568  253355
10569  251567
10570  252738
10571  249300
10572  251076
10573  257999
10574  246034
10575  242890
10576  249600
10577  242646
10578  246369
10579  245048
10580  244336
10581  241478
10582  244129
10583  244256
10584  238040
10585  240423
10586  241680
10587  240462
10588  237320
10589  229370
10590  235204
10591  234074
10592  234270
10593  236616
10594  229184
10595  227898
10596  231086
10597  229570
10598  229086
10599  232213
10600  228827
10601  230998
10602  229299
10603  232777
10604  225326
10605  227472
10606  228886
10607  228702
10608  225326
10609  222534
10610  225807
10611  217684
10612  218386
10613  217649
10614  223056
10615  218942
10616  217989
10617  216796
10618  218240
10619  220229
10620  214002
10621  220780
10622  215560
10623  216575
10624  213076
10625  214158
10626  217718
10627  216742
10628  213369
10629  211482
10630  210477
10631  207096
10632  212865
10633  210707
10634  207111
10635  210677
10636  209130
10637  208753
10638  201881
10639  206066
10640  204839
10641  201807
10642  202866
10643  204261
10644  202407
10645  200360
10646  198981
10647  197178
10648  198649
10649  200796
10650  197190
10651  201087
10652  196906
10653  193222
10654  193876
10655  193740
10656  194404
10657  194216
10658  193151
10659  198499
10660  188144
10661  194409
10662  187508
10663  191916
10664  192852
10665  187815
10666  189642
10667  188373
10668  191368
10669  183493
10670  188587
10671  188341
10672  180868
10673  190409
10674  183466
10675  185114
10676  179132
10677  189310
10678  179933
10679  184014
10680  179994
10681  181817
10682  179152
10683  180136
10684  183917
10685  174743
10686  179998
10687  182017
10688  174569
10689  179762
10690  179090
10691  173501
10692  176591
10693  175000
10694  175110
10695  171779
10696  171194
10697  173605
10698  175433
10699  173006
10700  174120
10701  169703
10702  167766
10703  168890
10704  169652
10705  165083
10706  171268
10707  171389
10708  165825
10709  170405
10710  166719
10711  165438
10712  168497
10713  163711
10714  162388
10715  161980
10716  159136
10717  162559
10718  162839
10719  166948
10720  158354
10721  158699
10722  158641
10723  156932
10724  161366
10725  162177
10726  156592
10727  161672
10728  155461
10729  159398
10730  156251
10731  155432
10732  160075
10733  159234
10734  162237
10735  159215
10736  151951
10737  151516
10738  155784
10739  155922
10740  155135
10741  152344
10742  149273
10743  157032
10744  152223
10745  153360
10746  153181
10747  150816
10748  151523
10749  151412
10750  154994
10751  150990
10752  150166
10753  151726
10754  151205
10755  147997
10756  145544
10757  144499
10758  148867
10759  144752
10760  146362
10761  146813
10762  152965
10763  143842
10764  143536
10765  146469
10766  147596
10767  144427
10768  144574
10769  141826
10770  139231
10771  143549
10772  144621
10773  138660
10774  140635
10775  141420
10776  139116
10777  135498
10778  139460
10779  142279
10780  138586
10781  135675
10782  132620
10783  134125
10784  134187
10785  143127
10786  136375
10787  137364
10788  137614
10789  139780
10790  135545
10791  134710
10792  140078
10793  133347
10794  135003
10795  134902
10796  135510
10797  136562
10798  137135
10799  135068
10800  132213
10801  129965
10802  132858
10803  128265
10804  135218
10805  132455
10806  132317
10807  131713
10808  130191
10809  132288
10810  128444
10811  125161
10812  127438
10813  131771
10814  126944
10815  126838
10816  130927
10817  131724
10818  132618
10819  129773
10820  133535
10821  123589
10822  125042
10823  129471
10824  130472
10825  125941
10826  126143
10827  127554
10828  125037
10829  121424
10830  125241
10831  126904
10832  122855
10833  121438
10834  124612
10835  119231
10836  127428
10837  122730
10838  121265
10839  123403
10840  128420
10841  122895
10842  121087
10843  119749
10844  125941
10845  121264
10846  119083
10847  120184
10848  120697
10849  120348
10850  118054
10851  116415
10852  115418
10853  118958
10854  119759
10855  119380
10856  116532
10857  110688
10858  117395
10859  117554
10860  115245
10861  118211
10862  118643
10863  115542
10864  116647
10865  113205
10866  117337
10867  115486
10868  117212
10869  116862
10870  114793
10871  119057
10872  120351
10873  111391
10874  116339
10875  114821
10876  115879
10877  114750
10878  117107
10879  115327
10880  114421
10881  115607
10882  113576
10883  117350
10884  113002
10885  113713
10886  110066
10887  114525
10888  114394
10889  111883
10890  110972
10891  113756
10892  111801
10893  110249
10894  109172
10895  108631
10896  105882
10897  111138
10898  112213
10899  109930
10900  107650
10901  109343
10902  110780
10903  110342
10904  113753
10905  108355
10906  106141
10907  105515
10908  105323
10909  105040
10910  105785
10911  105516
10912  109401
10913  110466
10914  111286
10915  108262
10916  109186
10917  104818
10918  105375
10919  104877
10920  104735
10921  106108
10922  107910
10923  109175
10924  103485
10925  106905
10926  104373
10927  104697
10928  106116
10929  105680
10930  102627
10931  106586
10932  106973
10933  105275
10934  104112
10935  105689
10936  104737
10937  103381
10938  101486
10939  106039
10940  105799
10941  99279
10942  101529
10943  101929
10944  101483
10945  103273
10946  101853
10947  101371
10948  102505
10949  99766
10950  100837
10951  101075
10952  103164
10953  105958
10954  99385
10955  99845
10956  99747
10957  101031
10958  97917
10959  99997
10960  99101
10961  100095
10962  100542
10963  98481
10964  98086
10965  102712
10966  99359
10967  99346
10968  94376
10969  95033
10970  100013
10971  95673
10972  97204
10973  98316
10974  98423
10975  98077
10976  98941
10977  100886
10978  95236
10979  98396
10980  97691
10981  97767
10982  98044
10983  94677
10984  94407
10985  93380
10986  98016
10987  95029
10988  95548
10989  97436
10990  93461
10991  96283
10992  94280
10993  92902
10994  93376
10995  93210
10996  98001
10997  95595
10998  96435
10999  92971
11000  95615
11001  96099
11002  89366
11003  94665
11004  93177
11005  92570
11006  92072
11007  96470
11008  91539
11009  92189
11010  92575
11011  93842
11012  91473
11013  93919
11014  92992
11015  93720
11016  96095
11017  92593
11018  95568
11019  87775
11020  90360
11021  89258
11022  90487
11023  88226
11024  92997
11025  93338
11026  91662
11027  91286
11028  92609
11029  91755
11030  91673
11031  94472
11032  88996
11033  88155
11034  87004
11035  92203
11036  90700
11037  91005
11038  93499
11039  88708
11040  90603
11041  90428
11042  87661
11043  86114
11044  85038
11045  89723
11046  89496
11047  87633
11048  85952
11049  88077
11050  88528
11051  84769
11052  84096
11053  89450
11054  83797
11055  84544
11056  85561
11057  88828
11058  90309
11059  84701
11060  82745
11061  85521
11062  88505
11063  85644
11064  84346
11065  84113
11066  86256
11067  85610
11068  83826
11069  82284
11070  84053
11071  84030
11072  85446
11073  83630
11074  83919
11075  83813
11076  85719
11077  83369
11078  82007
11079  85329
11080  83527
11081  84792
11082  84852
11083  83469
11084  82308
11085  80734
11086  82057
11087  80736
11088  84080
11089  81012
11090  83968
11091  82968
11092  79306
11093  86549
11094  79616
11095  82131
11096  79876
11097  81868
11098  80828
11099  82241
11100  82821
11101  79225
11102  80779
11103  79682
11104  81244
11105  79208
11106  81676
11107  80149
11108  82502
11109  80011
11110  78640
11111  80460
11112  76303
11113  76366
11114  81557
11115  80531
11116  79548
11117  78871
11118  76844
11119  82785
11120  78484
11121  77921
11122  80920
11123  79459
11124  76679
11125  79609
11126  78266
11127  76755
11128  76264
11129  78684
11130  79649
11131  80116
11132  75432
11133  76347
11134  78473
11135  77717
11136  75623
11137  79380
11138  76065
11139  74073
11140  77447
11141  76588
11142  75599
11143  73933
11144  75450
11145  74265
11146  77449
11147  77206
11148  77395
11149  73589
11150  74600
11151  74721
11152  77201
11153  72497
11154  76820
11155  78969
11156  75703
11157  75639
11158  74957
11159  74789
11160  74858
11161  75124
11162  76642
11163  74683
11164  73261
11165  71546
11166  72686
11167  74098
11168  75697
11169  71273
11170  74028
11171  76768
11172  73360
11173  75145
11174  73309
11175  73867
11176  77103
11177  74213
11178  72587
11179  71693
11180  68704
11181  71929
11182  75449
11183  73910
11184  67403
11185  71317
11186  71457
11187  71670
11188  68489
11189  73556
11190  73619
11191  72804
11192  67632
11193  70725
11194  68642
11195  69865
11196  70658
11197  70026
11198  71868
11199  70431
11200  72623
11201  70062
11202  71053
11203  68408
11204  70065
11205  70856
11206  68459
11207  70251
11208  68852
11209  68160
11210  69794
11211  66364
11212  67052
11213  69739
11214  68292
11215  65839
11216  69180
11217  67258
11218  67411
11219  65726
11220  69457
11221  67562
11222  66699
11223  65944
11224  66823
11225  67679
11226  67592
11227  64796
11228  67193
11229  67044
11230  64745
11231  68256
11232  67773
11233  65893
11234  64696
11235  69771
11236  65396
11237  67112
11238  64654
11239  67050
11240  65148
11241  67928
11242  64940
11243  63991
11244  66933
11245  66220
11246  65377
11247  64726
11248  65284
11249  65626
11250  64228
11251  65066
11252  62609
11253  65209
11254  63177
11255  57828
11256  64654
11257  64852
11258  64692
11259  62907
11260  63503
11261  63390
11262  62802
11263  64842
11264  66179
11265  61774
11266  60516
11267  62660
11268  65595
11269  64306
11270  62390
11271  65946
11272  61173
11273  60504
11274  60189
11275  61773
11276  59250
11277  61264
11278  62884
11279  63951
11280  64228
11281  62810
11282  62368
11283  60450
11284  61564
11285  62031
11286  61694
11287  61892
11288  59992
11289  57589
11290  59385
11291  60244
11292  58357
11293  58196
11294  61871
11295  60259
11296  58509
11297  61166
11298  58697
11299  60444
11300  59081
11301  58237
11302  57816
11303  60781
11304  61061
11305  58405
11306  57797
11307  56078
11308  59880
11309  58110
11310  56000
11311  58668
11312  60057
11313  58395
11314  55522
11315  58194
11316  55900
11317  55920
11318  54914
11319  59467
11320  56368
11321  58386
11322  55990
11323  56515
11324  57120
11325  54805
11326  54875
11327  54266
11328  53434
11329  56884
11330  59012
11331  56641
11332  55553
11333  56152
11334  58156
11335  58038
11336  54542
11337  52449
11338  53711
11339  54939
11340  51747
11341  51124
11342  53168
11343  52507
11344  54416
11345  57744
11346  57664
11347  55687
11348  55838
11349  54802
11350  53368
11351  54059
11352  51306
11353  52849
11354  54065
11355  53372
11356  51863
11357  50824
11358  56859
11359  51463
11360  52585
11361  52617
11362  55724
11363  50947
11364  53829
11365  49799
11366  51714
11367  49651
11368  51866
11369  51115
11370  53845
11371  53101
11372  51187
11373  52717
11374  50467
11375  53243
11376  50977
11377  52312
11378  52568
11379  50199
11380  51800
11381  49919
11382  48989
11383  50196
11384  52664
11385  49908
11386  52442
11387  50623
11388  48960
11389  48531
11390  49114
11391  49099
11392  52279
11393  50340
11394  50511
11395  50630
11396  50659
11397  47620
11398  48416
11399  48022
11400  49046
11401  51335
11402  50171
11403  49952
11404  49691
11405  48496
11406  48289
11407  49342
11408  50419
11409  49623
11410  47722
11411  48817
11412  45547
11413  48933
11414  48205
11415  48216
11416  49829
11417  47501
11418  46892
11419  46827
11420  47245
11421  46669
11422  47974
11423  45566
11424  49267
11425  47036
11426  47330
11427  47365
11428  47486
11429  47055
11430  46081
11431  47050
11432  44548
11433  46188
11434  45489
11435  45827
11436  46590
11437  44244
11438  46737
11439  46987
11440  43684
11441  44714
11442  47748
11443  44723
11444  44875
11445  45078
11446  46875
11447  48528
11448  46646
11449  43424
11450  44980
11451  46046
11452  44342
11453  44798
11454  44690
11455  44776
11456  43531
11457  43713
11458  44142
11459  43032
11460  47206
11461  43190
11462  43550
11463  44027
11464  43338
11465  42581
11466  43547
11467  42287
11468  44804
11469  42158
11470  44479
11471  40246
11472  43560
11473  42878
11474  42140
11475  43135
11476  43009
11477  42649
11478  44070
11479  43619
11480  42663
11481  44166
11482  42143
11483  43674
11484  42010
11485  41118
11486  39819
11487  41352
11488  40070
11489  41610
11490  41763
11491  40589
11492  42522
11493  40878
11494  42320
11495  41279
11496  40935
11497  42225
11498  38736
11499  40195
11500  40019
11501  40571
11502  41518
11503  38531
11504  41762
11505  39229
11506  39734
11507  42588
11508  39201
11509  39992
11510  37987
11511  38905
11512  37783
11513  38387
11514  39929
11515  39253
11516  40336
11517  39752
11518  40081
11519  39008
11520  40562
11521  39576
11522  38852
11523  37963
11524  40408
11525  38579
11526  36649
11527  38790
11528  38962
11529  38675
11530  41410
11531  39513
11532  37449
11533  38597
11534  38137
11535  38102
11536  39895
11537  40214
11538  37011
11539  38323
11540  39089
11541  37410
11542  37310
11543  37138
11544  39869
11545  38317
11546  37020
11547  37130
11548  36753
11549  35477
11550  37127
11551  37413
11552  37090
11553  36167
11554  37167
11555  38483
11556  37967
11557  36249
11558  36352
11559  36854
11560  34059
11561  36353
11562  34342
11563  37418
11564  35970
11565  34587
11566  36220
11567  34937
11568  34721
11569  36227
11570  36158
11571  35339
11572  37237
11573  34067
11574  37399
11575  33859
11576  33578
11577  36057
11578  34982
11579  33903
11580  36602
11581  34258
11582  36053
11583  36816
11584  37765
11585  35839
11586  36688
11587  34765
11588  35669
11589  34703
11590  33768
11591  34378
11592  31598
11593  36736
11594  36523
11595  36519
11596  35848
11597  35014
11598  32538
11599  33925
11600  34557
11601  32629
11602  33784
11603  31352
11604  33992
11605  32878
11606  33066
11607  32794
11608  33225
11609  31327
11610  32944
11611  33452
11612  35082
11613  31731
11614  33634
11615  34174
11616  33479
11617  31022
11618  33676
11619  29877
11620  31901
11621  31954
11622  33496
11623  32565
11624  34402
11625  33739
11626  32629
11627  32184
11628  31663
11629  32125
11630  31650
11631  30702
11632  31733
11633  31174
11634  31550
11635  31937
11636  32104
11637  32866
11638  31060
11639  31445
11640  31015
11641  32525
11642  32863
11643  33382
11644  32805
11645  30747
11646  32873
11647  33092
11648  30071
11649  28346
11650  30478
11651  30180
11652  30447
11653  32438
11654  28572
11655  31778
11656  30320
11657  29048
11658  27335
11659  30974
11660  30901
11661  30043
11662  29803
11663  30163
11664  29188
11665  30306
11666  31251
11667  28327
11668  28153
11669  28412
11670  28299
11671  27691
11672  30648
11673  30255
11674  30435
11675  28754
11676  28681
11677  31220
11678  28407
11679  27972
11680  28228
11681  28330
11682  27604
11683  29213
11684  29259
11685  28531
11686  28241
11687  28900
11688  28571
11689  27492
11690  27816
11691  29564
11692  28562
11693  29371
11694  27026
11695  27332
11696  28084
11697  29596
11698  30154
11699  27626
11700  26621
11701  29314
11702  29382
11703  26400
11704  28916
11705  27482
11706  27721
11707  26156
11708  27622
11709  28471
11710  27771
11711  24846
11712  27649
11713  27221
11714  27916
11715  27715
11716  27671
11717  26354
11718  28745
11719  27585
11720  26320
11721  25906
11722  27279
11723  27923
11724  27270
11725  26282
11726  26441
11727  27272
11728  26679
11729  28290
11730  26127
11731  25944
11732  27126
11733  25729
11734  27266
11735  25316
11736  26459
11737  26690
11738  27373
11739  26490
11740  26239
11741  26815
11742  25149
11743  24694
11744  25363
11745  25555
11746  25417
11747  25723
11748  24214
11749  24515
11750  25257
11751  26560
11752  27816
11753  26118
11754  23996
11755  24790
11756  24739
11757  24502
11758  23852
11759  26446
11760  24710
11761  24695
11762  26839
11763  25659
11764  26502
11765  25999
11766  24804
11767  22800
11768  24676
11769  24775
11770  25209
11771  24031
11772  25014
11773  25038
11774  22929
11775  24182
11776  25151
11777  24030
11778  23670
11779  23785
11780  22256
11781  23661
11782  22460
11783  23765
11784  22981
11785  23566
11786  24985
11787  25628
11788  22197
11789  23337
11790  25113
11791  24745
11792  22248
11793  24760
11794  23543
11795  26062
11796  23367
11797  20951
11798  24304
11799  23543
11800  22561
11801  23697
11802  21814
11803  22473
11804  23278
11805  21549
11806  23185
11807  22169
11808  21313
11809  23178
11810  22192
11811  22746
11812  22640
11813  21488
11814  25390
11815  22698
11816  22146
11817  23556
11818  20525
11819  23030
11820  21266
11821  23205
11822  22176
11823  22762
11824  21641
11825  23565
11826  20819
11827  21155
11828  22328
11829  22213
11830  23734
11831  22178
11832  21611
11833  21587
11834  21819
11835  24030
11836  21271
11837  20945
11838  20191
11839  21760
11840  20813
11841  19956
11842  22250
11843  20553
11844  21049
11845  21079
11846  22120
11847  20805
11848  19817
11849  20111
11850  21444
11851  20243
11852  20642
11853  21503
11854  19787
11855  20643
11856  21275
11857  19346
11858  22005
11859  21013
11860  20762
11861  20890
11862  21782
11863  18674
11864  19824
11865  20366
11866  18463
11867  18982
11868  19684
11869  20330
11870  19447
11871  21416
11872  18729
11873  20453
11874  18879
11875  20107
11876  19488
11877  19541
11878  20203
11879  18711
11880  18110
11881  19615
11882  19807
11883  19415
11884  19836
11885  19227
11886  18348
11887  18243
11888  21196
11889  18360
11890  20094
11891  21068
11892  19730
11893  18117
11894  19581
11895  19766
11896  18015
11897  18397
11898  20935
11899  19292
11900  19277
11901  18205
11902  18908
11903  18607
11904  17550
11905  18643
11906  18567
11907  17925
11908  18303
11909  19773
11910  20051
11911  18890
11912  19476
11913  18307
11914  18078
11915  18562
11916  18739
11917  17868
11918  17487
11919  19032
11920  19819
11921  19708
11922  17937
11923  19297
11924  17771
11925  18219
11926  17387
11927  17893
11928  17292
11929  18729
11930  17453
11931  18356
11932  18240
11933  17800
11934  16184
11935  17902
11936  17304
11937  16716
11938  17446
11939  17890
11940  15827
11941  18846
11942  17811
11943  16111
11944  16515
11945  16406
11946  17451
11947  16618
11948  17468
11949  17842
11950  17073
11951  17790
11952  18235
11953  17547
11954  15670
11955  17346
11956  16487
11957  16394
11958  17702
11959  15383
11960  16837
11961  16122
11962  16772
11963  16751
11964  16217
11965  17924
11966  16725
11967  16230
11968  17121
11969  15183
11970  18762
11971  16403
11972  16783
11973  15184
11974  16177
11975  14947
11976  17442
11977  16586
11978  16094
11979  17022
11980  16171
11981  15806
11982  14461
11983  17281
11984  14919
11985  14957
11986  16057
11987  16475
11988  16868
11989  16172
11990  15502
11991  17085
11992  15024
11993  16335
11994  15560
11995  14922
11996  15705
11997  14689
11998  15635
11999  14834
12000  15765
12001  15252
12002  15106
12003  16595
12004  14572
12005  14833
12006  16600
12007  15401
12008  16315
12009  14990
12010  14868
12011  16357
12012  14084
12013  15325
12014  14608
12015  15897
12016  15072
12017  15453
12018  15055
12019  14300
12020  13976
12021  16562
12022  14550
12023  15237
12024  14576
12025  14252
12026  15476
12027  12867
12028  16339
12029  14899
12030  13597
12031  14199
12032  13272
12033  14330
12034  15197
12035  14557
12036  13957
12037  15285
12038  14591
12039  13711
12040  14027
12041  14692
12042  14425
12043  14262
12044  14965
12045  14641
12046  14567
12047  13393
12048  14080
12049  13533
12050  13936
12051  15443
12052  14015
12053  14324
12054  14668
12055  14358
12056  14813
12057  13224
12058  13506
12059  13473
12060  13818
12061  12944
12062  13945
12063  12236
12064  12976
12065  14759
12066  12764
12067  12761
12068  13938
12069  14071
12070  12682
12071  13851
12072  12400
12073  14274
12074  13769
12075  13969
12076  13431
12077  13770
12078  11770
12079  13069
12080  14241
12081  13620
12082  12970
12083  13085
12084  12374
12085  12680
12086  12714
12087  13510
12088  12284
12089  11885
12090  12403
12091  13551
12092  12817
12093  13258
12094  12990
12095  12339
12096  12528
12097  11728
12098  12636
12099  12121
12100  12889
12101  12822
12102  13141
12103  13332
12104  12202
12105  13230
12106  13349
12107  12355
12108  11994
12109  12942
12110  11701
12111  11584
12112  10778
12113  11820
12114  11834
12115  12114
12116  12182
12117  11862
12118  11540
12119  11407
12120  12464
12121  11128
12122  11837
12123  11476
12124  11886
12125  12546
12126  12238
12127  11933
12128  10802
12129  12180
12130  11266
12131  12174
12132  14020
12133  11466
12134  11781
12135  11913
12136  11832
12137  11635
12138  11540
12139  11313
12140  12380
12141  11509
12142  13444
12143  11050
12144  11215
12145  11541
12146  11361
12147  11255
12148  11252
12149  10635
12150  11826
12151  11394
12152  10843
12153  11691
12154  10615
12155  11508
12156  11057
12157  11650
12158  10385
12159  11978
12160  10450
12161  10954
12162  11366
12163  11130
12164  12255
12165  11547
12166  11349
12167  11353
12168  9856
12169  10270
12170  10974
12171  10853
12172  12274
12173  12371
12174  11654
12175  10145
12176  10746
12177  9741
12178  9262
12179  10234
12180  11144
12181  10884
12182  11190
12183  11403
12184  12022
12185  10584
12186  10521
12187  11567
12188  11033
12189  9894
12190  9502
12191  10238
12192  10281
12193  11073
12194  11357
12195  10013
12196  10221
12197  10240
12198  10112
12199  10643
12200  10102
12201  11573
12202  9400
12203  10105
12204  11089
12205  11605
12206  10673
12207  11086
12208  9536
12209  10572
12210  9736
12211  10182
12212  10103
12213  9791
12214  10028
12215  10025
12216  9790
12217  9782
12218  10670
12219  9113
12220  11433
12221  8861
12222  10000
12223  10369
12224  9351
12225  9921
12226  9366
12227  9809
12228  9858
12229  9804
12230  10006
12231  10777
12232  9379
12233  9283
12234  10769
12235  9643
12236  9555
12237  9923
12238  10615
12239  9773
12240  9616
12241  9101
12242  10086
12243  9453
12244  9438
12245  10068
12246  9442
12247  9900
12248  8363
12249  10139
12250  10333
12251  9362
12252  9762
12253  9329
12254  9634
12255  8634
12256  9482
12257  8449
12258  9683
12259  9022
12260  9225
12261  9015
12262  8303
12263  9387
12264  10742
12265  8513
12266  10269
12267  10118
12268  8982
12269  8646
12270  8798
12271  9569
12272  8924
12273  8652
12274  10489
12275  8464
12276  8917
12277  9921
12278  9733
12279  8820
12280  8673
12281  8462
12282  9233
12283  8371
12284  8488
12285  7690
12286  8416
12287  8800
12288  7887
12289  7727
12290  8344
12291  8139
12292  8932
12293  9108
12294  10513
12295  9935
12296  8552
12297  9118
12298  11179
12299  9070
12300  7815
12301  8488
12302  7930
12303  9294
12304  8172
12305  9723
12306  7940
12307  7721
12308  8811
12309  8756
12310  8483
12311  7998
12312  8182
12313  8938
12314  9113
12315  8966
12316  7830
12317  8048
12318  8593
12319  9051
12320  9864
12321  8990
12322  8115
12323  7832
12324  8390
12325  8465
12326  7917
12327  8103
12328  7808
12329  7670
12330  8861
12331  7717
12332  8940
12333  8747
12334  8902
12335  7846
12336  9242
12337  8029
12338  8291
12339  8176
12340  7512
12341  7972
12342  7231
12343  8319
12344  7968
12345  8142
12346  8364
12347  8387
12348  8475
12349  8443
12350  8452
12351  8244
12352  8081
12353  8737
12354  8611
12355  8503
12356  8047
12357  8209
12358  7592
12359  8209
12360  7718
12361  8529
12362  7422
12363  8209
12364  8438
12365  7963
12366  9718
12367  7747
12368  8807
12369  8083
12370  8773
12371  8000
12372  8448
12373  7474
12374  9246
12375  7352
12376  8826
12377  8662
12378  8172
12379  8115
12380  7645
12381  8058
12382  8060
12383  8369
12384  7603
12385  8380
12386  8321
12387  7781
12388  9048
12389  7344
12390  8143
12391  7766
12392  7824
12393  9354
12394  8244
12395  7634
12396  7271
12397  7788
12398  7699
12399  7404
12400  7496
12401  8495
12402  6765
12403  7549
12404  7167
12405  8180
12406  7188
12407  8184
12408  8280
12409  6546
12410  7555
12411  7732
12412  7952
12413  8722
12414  7322
12415  8383
12416  9094
12417  7263
12418  7271
12419  7316
12420  7481
12421  7972
12422  8422
12423  9022
12424  7261
12425  7041
12426  7835
12427  8129
12428  6727
12429  7600
12430  7960
12431  7946
12432  8588
12433  8627
12434  7709
12435  6786
12436  7930
12437  7054
12438  7633
12439  7861
12440  6760
12441  8255
12442  7207
12443  8609
12444  7606
12445  7738
12446  8115
12447  7083
12448  7351
12449  7279
12450  7056
12451  6757
12452  7542
12453  7618
12454  8291
12455  7572
12456  8155
12457  7579
12458  7683
12459  8182
12460  8769
12461  7287
12462  7347
12463  7870
12464  8344
12465  7112
12466  7788
12467  8796
12468  7283
12469  7744
12470  7108
12471  8391
12472  7629
12473  8129
12474  8456
12475  8693
12476  8162
12477  7593
12478  6675
12479  7772
12480  8295
12481  7656
12482  6970
12483  8107
12484  7794
12485  7970
12486  8183
12487  6156
12488  7897
12489  7271
12490  8687
12491  7331
12492  8404
12493  7911
12494  7144
12495  7233
12496  7868
12497  7668
12498  7123
12499  7574
12500  7526
12501  7952
12502  6889
12503  7248
12504  6679
12505  6773
12506  7637
12507  8069
12508  7242
12509  7496
12510  7945
12511  7791
12512  8835
12513  8163
12514  7219
12515  8266
12516  8146
12517  8042
12518  7781
12519  7446
12520  7565
12521  7761
12522  6975
12523  7230
12524  7385
12525  7844
12526  6960
12527  7382
12528  6629
12529  7518
12530  7899
12531  7636
12532  7888
12533  6704
12534  7754
12535  8298
12536  8039
12537  7939
12538  7724
12539  7488
12540  7638
12541  8658
12542  7745
12543  8762
12544  7477
12545  7653
12546  7791
12547  7954
12548  8734
12549  8950
12550  8171
12551  8066
12552  7924
12553  7917
12554  8705
12555  7185
12556  7982
12557  7224
12558  7936
12559  8170
12560  7877
12561  7577
12562  8689
12563  7400
12564  7041
12565  8111
12566  7371
12567  7918
12568  8036
12569  8574
12570  7747
12571  8607
12572  7932
12573  7736
12574  7507
12575  7751
12576  8646
12577  7975
12578  7252
12579  7164
12580  7302
12581  7820
12582  8453
12583  9509
12584  8170
12585  7724
12586  7453
12587  7797
12588  7714
12589  7860
12590  8030
12591  8026
12592  7744
12593  7622
12594  8605
12595  7624
12596  7699
12597  6909
12598  7955
12599  8681
12600  6645
12601  7850
12602  7751
12603  7331
12604  7911
12605  7761
12606  8591
12607  6713
12608  8561
12609  8210
12610  7505
12611  7868
12612  7384
12613  6797
12614  8541
12615  8848
12616  7885
12617  7790
12618  8114
12619  7475
12620  8530
12621  7718
12622  7724
12623  7809
12624  7324
12625  8094
12626  6983
12627  8178
12628  8154
12629  7574
12630  7134
12631  7352
12632  7373
12633  8162
12634  7510
12635  7773
12636  7278
12637  8050
12638  8268
12639  7205
12640  8807
12641  7398
12642  7185
12643  8259
12644  8305
12645  7704
12646  7303
12647  7309
12648  7957
12649  7624
12650  7776
12651  6726
12652  8143
12653  7532
12654  7108
12655  8590
12656  6828
12657  7337
12658  8029
12659  7239
12660  7907
12661  7421
12662  7516
12663  7127
12664  8068
12665  7356
12666  7474
12667  6802
12668  7247
12669  7007
12670  7282
12671  7220
12672  7657
12673  6659
12674  7543
12675  8006
12676  7918
12677  8050
12678  6794
12679  7693
12680  7685
12681  7131
12682  6698
12683  7784
12684  8277
12685  6901
12686  7095
12687  7339
12688  7314
12689  8382
12690  7036
12691  6670
12692  7858
12693  6701
12694  7445
12695  6835
12696  7151
12697  7002
12698  7411
12699  7341
12700  7625
12701  8622
12702  7465
12703  8052
12704  7498
12705  7244
12706  8423
12707  7262
12708  7126
12709  7775
12710  7300
12711  7847
12712  7074
12713  7110
12714  6109
12715  7695
12716  6684
12717  6934
12718  7525
12719  7295
12720  6364
12721  7776
12722  6866
12723  7230
12724  7963
12725  8215
12726  7480
12727  6731
12728  6585
12729  7036
12730  7069
12731  7081
12732  6632
12733  6178
12734  6713
12735  6660
12736  6544
12737  7908
12738  6737
12739  6984
12740  6213
12741  6448
12742  6584
12743  7342
12744  6940
12745  6558
12746  7210
12747  6700
12748  7059
12749  7157
12750  7318
12751  6384
12752  6926
12753  6373
12754  6405
12755  6267
12756  7321
12757  6638
12758  6194
12759  6339
12760  6641
12761  6811
12762  7636
12763  6257
12764  6563
12765  6648
12766  6150
12767  7502
12768  6138
12769  6503
12770  6361
12771  6429
12772  6746
12773  6532
12774  6214
12775  5925
12776  6639
12777  7634
12778  6401
12779  6751
12780  6655
12781  6184
12782  6242
12783  7000
12784  6542
12785  6170
12786  6340
12787  7314
12788  6566
12789  5668
12790  6793
12791  5123
12792  6150
12793  6636
12794  6685
12795  6083
12796  6872
12797  6254
12798  6153
12799  6397
12800  5803
12801  5456
12802  5144
12803  4814
12804  4946
12805  6647
12806  5676
12807  5854
12808  6332
12809  5434
12810  5427
12811  5951
12812  6309
12813  5660
12814  6329
12815  5665
12816  5497
12817  6249
12818  5366
12819  5276
12820  5090
12821  5729
12822  6179
12823  4700
12824  5179
12825  5640
12826  5630
12827  6657
12828  5163
12829  5747
12830  5948
12831  5406
12832  5481
12833  5323
12834  5678
12835  5213
12836  5866
12837  5370
12838  5611
12839  4892
12840  5200
12841  5449
12842  5525
12843  5167
12844  4373
12845  5339
12846  5508
12847  5102
12848  5624
12849  5047
12850  4809
12851  5901
12852  4549
12853  4585
12854  4909
12855  4194
12856  5313
12857  5629
12858  5493
12859  4544
12860  4557
12861  5650
12862  5296
12863  4338
12864  4842
12865  4487
12866  4483
12867  5047
12868  4938
12869  4195
12870  4445
12871  4606
12872  4270
12873  4937
12874  5251
12875  4760
12876  4609
12877  4484
12878  4602
12879  5013
12880  4543
12881  4887
12882  4656
12883  4470
12884  4854
12885  4159
12886  3885
12887  3749
12888  3838
12889  3690
12890  4135
12891  4257
12892  4569
12893  3937
12894  4140
12895  4601
12896  4322
12897  3811
12898  3767
12899  4490
12900  4229
12901  3559
12902  3726
12903  3609
12904  4084
12905  3990
12906  4505
12907  3970
12908  3749
12909  3080
12910  3855
12911  4699
12912  4058
12913  3952
12914  3577
12915  4255
12916  3567
12917  4306
12918  3849
12919  3879
12920  3624
12921  3291
12922  3338
12923  3972
12924  3242
12925  3548
12926  2999
12927  4168
12928  3170
12929  3047
12930  2607
12931  2889
12932  2759
12933  3489
12934  2991
12935  2640
12936  3277
12937  3605
12938  3357
12939  2820
12940  3687
12941  3305
12942  3071
12943  3258
12944  2670
12945  3150
12946  2740
12947  3152
12948  3016
12949  3082
12950  2716
12951  3019
12952  2505
12953  2960
12954  3119
12955  2588
12956  2636
12957  2854
12958  3138
12959  2761
12960  2667
12961  2697
12962  3050
12963  2237
12964  2804
12965  2964
12966  2328
12967  3015
12968  2785
12969  2900
12970  2252
12971  2561
12972  2779
12973  2404
12974  2725
12975  2123
12976  2111
12977  2530
12978  2637
12979  2542
12980  2171
12981  2733
12982  1697
12983  2601
12984  2962
12985  2923
12986  2110
12987  2670
12988  1931
12989  2745
12990  2276
12991  2078
12992  2260
12993  2766
12994  2832
12995  1979
12996  2249
12997  2028
12998  1948
12999  1951
13000  2305
13001  1882
13002  2261
13003  1574
13004  1810
13005  2031
13006  2377
13007  2061
13008  2402
13009  1587
13010  2393
13011  1846
13012  2030
13013  1389
13014  2054
13015  2112
13016  2277
13017  1381
13018  1711
13019  1915
13020  1931
13021  1721
13022  1754
13023  1552
13024  2081
13025  2326
13026  1768
13027  1501
13028  1448
13029  1593
13030  1705
13031  1233
13032  1446
13033  2063
13034  1244
13035  1653
13036  2019
13037  1479
13038  2088
13039  1768
13040  1500
13041  1596
13042  1348
13043  2113
13044  1045
13045  1108
13046  1351
13047  1768
13048  1235
13049  1160
13050  1101
13051  1251
13052  1788
13053  1392
13054  1590
13055  1103
13056  1753
13057  1509
13058  1200
13059  1227
13060  1344
13061  1352
13062  989
13063  1325
13064  821
13065  1127
13066  1137
13067  1322
13068  1055
13069  1193
13070  736
13071  1068
13072  1382
13073  1404
13074  782
13075  1094
13076  1028
13077  966
13078  978
13079  935
13080  937
13081  956
13082  1122
13083  1140
13084  1332
13085  723
13086  1038
13087  958
13088  658
13089  1496
13090  549
13091  710
13092  644
13093  816
13094  715
13095  852
13096  1026
13097  1030
13098  640
13099  1214
13100  1011
13101  956
13102  833
13103  546
13104  804
13105  804
13106  846
13107  933
13108  836
13109  738
13110  606
13111  896
13112  1077
13113  631
13114  729
13115  671
13116  906
13117  578
13118  531
13119  501
13120  775
13121  511
13122  659
13123  848
13124  497
13125  537
13126  508
13127  569
13128  739
13129  653
13130  622
13131  519
13132  498
13133  521
13134  405
13135  677
13136  496
13137  707
13138  339
13139  647
13140  348
13141  489
13142  696
13143  474
13144  346
13145  428
13146  611
13147  600
13148  342
13149  514
13150  488
13151  474
13152  578
13153  300
13154  457
13155  463
13156  492
13157  401
13158  552
13159  334
13160  239
13161  496
13162  427
13163  558
13164  461
13165  272
13166  330
13167  526
13168  487
13169  354
13170  361
13171  352
13172  312
13173  411
13174  416
13175  311
13176  248
13177  335
13178  307
13179  220
13180  407
13181  462
13182  302
13183  232
13184  300
13185  262
13186  319
13187  234
13188  355
13189  308
13190  211
13191  187
13192  456
13193  349
13194  258
13195  110
13196  255
13197  246
13198  178
13199  122
13200  113
13201  189
13202  169
13203  203
13204  233
13205  128
13206  265
13207  195
13208  216
13209  104
13210  256
13211  110
13212  182
13213  142
13214  159
13215  123
13216  110
13217  257
13218  115
13219  121
13220  133
13221  169
13222  136
13223  170
13224  77
13225  113
13226  508
13227  66
13228  151
13229  133
13230  118
13231  251
13232  222
13233  92
13234  59
13235  78
13236  330
13237  85
13238  118
13239  66
13240  202
13241  71
13242  195
13243  84
13244  171
13245  113
13246  83
13247  206
13248  182
13249  125
13250  54
13251  91
13252  69
13253  77
13254  58
13255  80
13256  73
13257  100
13258  38
13259  94
13260  93
13261  128
13262  93
13263  67
13264  61
13265  49
13266  53
13267  89
13268  96
13269  43
13270  35
13271  94
13272  37
13273  31
13274  62
13275  154
13276  70
13277  201
13278  98
13279  217
13280  29
13281  11
13282  29
13283  4
13284  17
13285  54
13286  47
13287  48
13288  51
13289  18
13290  20
13291  52
13292  34
13293  35
13294  40
13295  21
13296  49
13297  12
13298  72
13299  18
13300  147
13301  23
13302  22
13303  65
13304  59
13305  31
13306  13
13307  11
13308  82
13309  119
13310  47
13311  68
13312  36
13313  1
13314  44
13315  56
13316  16
13317  1
13318  10
13319  39
13320  17
13321  28
13322  31
13323  10
13324  31
13325  1
13326  24
13327  35
13328  58
13329  10
13331  31
13332  4
13333  13
13335  49
13337  24
13338  9
13339  29
13340  41
13341  15
13342  14
13343  9
13345  19
13346  8
13347  26
13348  11
13350  7
13351  97
13353  8
13355  11
13357  2
13358  22
13360  8
13361  28
13363  27
13367  32
13368  2
13369  9
13374  10
13375  3
13376  39
13377  1
13381  5
13382  2
13384  4
13389  1
13390  16
13392  5
13395  4
13396  21
13397  2
13398  9
13406  22
13413  19
13414  8
13415  6
13416  10
13422  14
13424  6
13433  10
13436  18
13446  4
13458  33
13470  3
13477  6
