10
9
15
15
10
8
5
8
7
11
9
8
13
9
7
8
10
10
9
13
8
10
8
6
11
9
10
8
8
7
11
10
9
9
14
10
9
8
12
13
13
5
10
9
10
9
11
9
10
10
10
10
10
12
5
9
15
10
12
12
8
11
11
7
8
9
7
10
9
11
10
9
11
11
12
8
11
13
9
10
11
8
12
7
11
13
10
9
11
11
12
11
9
7
8
10
13
6
9
7
18
10
9
14
8
10
10
14
8
11
5
9
10
9
12
10
9
15
8
10
8
12
11
10
10
11
8
7
12
11
8
8
10
9
13
8
10
11
6
8
12
9
11
7
8
9
8
10
11
7
12
12
5
13
13
11
5
9
9
12
8
12
12
13
10
13
10
8
8
9
9
7
6
14
9
12
7
12
13
9
11
10
8
13
12
12
10
12
8
11
12
9
5
8
7
11
7
9
12
8
6
10
6
9
10
11
10
12
12
8
11
5
12
11
9
11
10
10
12
11
7
9
12
5
10
13
9
12
13
9
8
11
12
8
12
16
5
12
9
7
9
5
11
5
10
7
14
9
8
10
6
9
13
12
10
13
10
8
7
8
9
6
11
11
9
7
11
8
7
9
11
10
10
7
9
8
15
9
7
9
11
7
10
6
11
12
7
11
10
7
8
13
12
14
9
7
11
7
11
12
12
14
11
12
9
9
9
9
13
11
13
12
7
9
5
12
10
10
8
10
7
11
14
8
13
9
4
11
10
8
5
11
10
11
7
9
9
9
7
7
8
12
9
9
16
12
12
8
7
7
8
10
9
10
13
11
8
9
10
9
6
13
8
11
11
10
11
6
12
10
11
11
13
12
7
9
7
14
7
8
13
10
10
8
8
11
8
7
9
12
11
9
7
7
8
11
8
12
9
9
6
11
8
12
11
8
7
14
15
11
8
14
6
15
11
9
7
10
9
12
10
10
12
12
11
12
12
7
6
10
6
10
12
12
10
11
10
13
12
12
6
10
12
7
10
7
13
13
13
10
10
10
10
7
8
11
13
11
9
6
10
9
12
9
9
11
12
10
11
11
7
9
7
8
8
10
10
11
9
11
14
13
8
13
12
11
9
8
13
12
9
10
10
12
11
11
15
9
12
12
