10
10
8
7
11
6
13
13
12
13
9
10
5
11
10
10
13
11
7
6
7
10
11
12
11
10
10
8
10
8
13
13
11
13
7
4
11
10
9
11
11
6
11
7
8
8
8
11
6
9
12
8
8
9
11
7
11
8
8
13
12
9
11
10
11
13
9
11
10
7
10
10
9
13
10
12
5
9
8
7
7
9
10
10
8
7
11
8
5
11
7
7
10
11
14
12
7
8
8
11
11
14
10
11
12
4
11
10
9
10
10
11
9
14
11
12
6
9
9
9
5
9
9
13
11
9
8
11
12
9
9
9
7
5
12
10
10
9
7
9
7
12
8
13
6
10
9
8
11
15
13
11
8
10
10
8
5
10
10
8
6
8
7
9
6
7
13
9
6
9
11
7
7
9
12
7
11
10
13
10
9
7
10
8
7
9
10
11
11
10
13
14
7
11
15
9
10
12
10
11
10
12
7
9
11
7
10
8
13
11
8
12
9
11
10
4
12
12
11
13
9
8
13
10
8
10
9
9
11
7
9
10
12
6
9
13
13
9
11
5
10
11
11
10
9
10
10
11
12
9
5
10
11
9
10
10
10
13
9
12
8
10
8
6
10
11
10
10
9
7
9
13
10
10
11
10
10
6
12
8
8
11
11
9
10
11
9
10
12
12
11
7
9
13
8
11
10
9
12
13
9
9
10
8
9
7
8
13
11
7
3
10
10
12
9
13
8
10
7
10
10
11
9
12
10
11
8
11
8
11
10
8
8
7
8
12
8
9
4
11
11
10
11
10
13
8
12
7
9
8
9
8
8
12
8
9
11
10
6
11
8
8
11
10
10
7
10
9
8
14
11
10
13
8
8
12
11
10
7
8
5
9
9
8
11
9
10
12
11
10
10
10
12
7
7
7
8
9
10
9
6
11
6
9
13
12
8
8
9
7
10
8
12
13
8
10
11
6
9
9
12
13
12
12
10
7
12
9
12
6
9
8
10
7
11
7
7
11
9
9
9
7
9
6
10
11
10
12
11
8
11
8
10
9
9
9
6
8
10
12
9
8
10
10
11
13
14
7
12
11
13
6
10
10
12
9
9
8
9
11
8
7
9
7
10
6
9
8
7
10
9
8
11
11
11
11
7
8
10
7
